0.802 9.80227 2.58 18.3524 
1.226 10.6636 1.522 22.4546 
0.813 10.6636 1.37 22.4546 
0.764 10.7161 3.177 24.3677 
0.997 10.7161 1.587 24.3677 
2.573 10.9292 3.49 22.3259 
0.682 10.9292 1.891 22.3259 
0.739 10.6345 2.006 22.5859 
0.663 10.6345 1.46 22.5859 
0.626 10.6298 3.236 21.9464 
2.287 10.6298 1.455 21.9464 
1.02 11.3627 2.426 20.2055 
1.201 11.3627 2.136 20.2055 
1.533 12.6927 2.128 23.5414 
0.712 12.6927 1.626 23.5414 
2.685 11.2276 1.995 22.2497 
0.689 11.2276 2.724 22.2497 
2.336 10.681 2.645 21.5106 
0.892 10.681 2.083 21.5106 
1.63 10.8864 2.254 22.0736 
1.63 10.8864 2.254 22.0736 
2.051 10.8864 1.963 22.0736 
0.911 12.0471 1.437 22.5864 
0.805 32.8523 3.496 22.3124 
0.789 32.8523 2.967 22.3124 
0.741 32.8523 1.885 22.3124 
1.897 26.1741 1.666 21.2365 
0.87 26.1741 2.917 21.2365 
0.869 21.6732 2.184 22.823 
0.617 18.1792 2.4 21.5542 
0.895 18.1792 1.701 21.5542 
0.863 18.1792 1.748 21.5542 
1.046 18.1792 21.29 21.5542 
1.281 18.1792 2.945 21.5542 
1.315 18.1792 2.539 21.5542 
1.185 18.1792 2.959 21.5542 
