0.762 11.1445 9.748 75.1694 
1.319 11.1445 3.078 75.1694 
0.892 10.7697 8.821 22.6903 
2.267 10.7697 3.344 22.6903 
0.972 22.4558 3.036 29.8798 
1.597 22.4558 3.085 29.8798 
1.06 19.7478 2.177 25.4796 
0.781 19.7478 4.382 25.4796 
1.416 17.5428 3.639 28.2572 
1.612 17.5428 4.958 28.2572 
3.373 14.9171 1.782 22.9203 
2.184 14.9171 2.095 22.9203 
0.793 14.7055 1.351 21.8412 
0.688 14.7055 2.136 21.8412 
2.081 13.4023 17.764 19.8704 
2.822 13.4023 3.872 19.8704 
1.073 14.1879 1.547 27.0502 
12.555 14.1879 3.008 27.0502 
0.766 23.5111 7.77 21.2612 
1.045 23.5111 2.697 21.2612 
2.61 25.8063 2.852 21.3808 
0.943 25.8063 2.091 21.3808 
0.727 12.7075 2.746 30.2995 
1.001 12.7075 6.303 30.2995 
0.936 11.2639 2.991 22.6248 
0.936 11.2639 2.991 22.6248 
0.936 11.1656 2.991 23.2447 
0.936 11.1656 2.991 23.2447 
0.936 11.0967 2.991 21.6686 
0.936 11.0967 2.991 21.6686 
0.936 11.0485 2.991 22.8453 
0.936 11.0485 2.991 22.8453 
0.936 11.0147 2.991 25.229 
0.936 11.0147 2.991 25.229 
0.936 10.9911 2.991 24.7076 
0.936 10.9911 2.991 24.7076 
0.936 10.9746 2.991 23.5026 
0.936 10.9746 2.991 23.5026 
0.936 10.963 2.991 22.1491 
0.936 10.963 2.991 22.1491 
