6.9533e-310 9.9544 6.9533e-310 18.4843
8.032 18.0001 15.512 34.571
9.151 19.1287 22.709 42.2903
8.249 18.2334 22.437 44.3939
16.031 26.0201 21.79 41.8098
15.935 25.9273 15.007 34.1209
19.2 29.1946 21.419 41.1887
12.991 22.9872 16.191 35.2498
8.76 18.7574 20.52 37.8212
13.773 23.7712 23.082 45.9928
16.109 26.1077 23.05 43.4076
8.528 18.5271 22.784 41.5943
8.346 18.3454 22.555 40.0122
8.272 18.2716 22.235 39.315
8.351 18.3507 22.243 38.309
16.768 26.7678 22.124 42.6402
15.452 25.4518 21.509 41.8104
16.968 26.9679 22.716 41.8469
