3.494 26.826 9.835 33.9673
2.159 21.4914 5.144 27.6766
1.273 20.6054 4.477 27.0096
2.189 19.2917 6.052 27.3448
2.115 19.2177 5.118 26.4108
1.988 16.9599 3.959 28.764
2.254 17.2259 5.234 30.039
1.829 15.3093 4.74 28.6735
1.379 14.8593 3.798 27.7315
1.835 14.2712 4.888 27.7914
2.41 14.8462 5.269 28.1724
2.421 14.1263 5.898 29.7604
1.918 13.6233 4.936 28.7984
2.73 13.9237 5.948 31.0817
2.747 13.9407 5.583 30.7167
2.391 13.2266 6.25 31.1036
2.427 13.2626 5.635 30.4886
2.528 13.1129 5.353 31.4505
2.449 13.0339 6.022 32.1195
1.721 12.1305 5.047 28.6553
2.123 12.5325 5.561 29.1693
2.376 12.6626 6.087 33.5628
2.415 12.7016 5.102 32.5778
1.093 11.2936 3.258 31.731
2.444 12.6446 5.361 33.834
7.542 17.6824 10.382 36.2231
2.347 12.4874 5.38 31.2211
1.733 11.8313 4.792 29.1508
