2.978 17.7109 6.95278e-310 18.4479
1.157 14.4701 7.045 27.4885
1.116 13.4351 6.648 27.8285
1.133 12.7564 6.268 26.1343
1.54 12.6764 5.967 25.0334
1.323 12.6285 7.493 27.2295
1.056 11.9698 6.144 24.9995
1.271 11.9107 6.186 23.7049
1.312 11.7598 6.798 27.0712
1.318 11.6314 5.905 24.7763
1.38 11.5994 6.791 26.9909
1.258 11.4116 7.309 25.9189
1.272 11.3795 6.741 25.3479
1.224 11.2993 6.735 29.3899
1.195 11.2477 5.912 28.9404
1.532 20.5089 6.305 29.1449
1.237 17.5208 6.91 29.9479
1.967 16.3657 6.668 29.4545
1.82 14.8991 6.818 33.0286
1.551 13.7063 8.118 31.5354
1.945 13.4537 7.676 28.2382
2.04 13.0961 8.371 27.7145
1.937 12.6763 7.712 27.8525
1.517 12.0345 6.762 28.0003
2.158 12.5202 7.447 26.6038
1.701 11.9546 7.625 28.1148
1.829 12.0065 8.144 28.3368
2.027 12.1513 8.222 27.727
1.146 27.223 6.833 26.9365
1.169 22.4229 6.422 25.5644
6.554 33.0417 6.489 27.9287
1.105 22.6464 6.657 28.9848
2.107 20.186 7.169 28.3485
1.343 16.9983 7.511 27.3166
2.124 16.0827 8.235 30.7389
2.018 14.7891 8.041 30.0338
1.993 13.9328 8.077 34.0019
2.043 13.4008 8.705 33.6024
1.891 12.8415 8.305 30.4732
2.487 13.1523 7.226 30.4538
3.195 13.6607 8.521 30.2704
1.188 11.514 6.984 27.2786
1.191 11.4192 7.932 32.3982
1.034 11.1937 6.725 30.7514
1.427 11.5388 7.149 36.8074
2.154 18.8623 10.068 36.4989
1.456 16.1518 6.041 29.8526
1.433 14.7501 6.955 29.2031
1.209 13.5309 7.86 28.8337
