2.618 27.618 4.036 54.036
7.618 28.118 23.889 63.209
5.856 26.356 28.104 67.424
7.805 28.125 23.395 55.209
9.123 29.443 32.096 63.91
11.334 28.558 34.341 61.4708
7.569 24.793 30.517 57.6468
9.798 24.8548 33.378 58.9689
6.434 21.4908 28.965 54.5559
7.778 21.3178 25.587 48.7806
4.68 18.2198 27.628 50.8216
6.129 18.6068 28.365 48.9505
2.541 15.0188 25.636 46.2215
9.817 21.5515 26.097 45.3069
12.612 24.3465 33.856 53.0659
8.626 19.8401 24.37 42.6469
10.588 21.8021 26.639 44.9159
7.609 18.4589 23.215 42.9388
7.912 18.7619 25.806 45.5298
4.564 15.1589 27.717 50.1037
1.233 11.8279 24.732 47.1187
8.548 18.9644 25.169 45.0697
11.295 21.7114 26.843 46.7437
8.317 18.6085 29.682 49.8525
10.011 20.3025 25.621 45.7915
10.834 21.0381 34.058 55.1673
7.782 17.9861 30.108 51.2173
3.126 13.2688 26.092 45.4285
5.656 15.7988 28.175 47.5115
7.47 17.57 30.492 51.2876
10.375 20.475 32.642 53.4376
12.002 22.072 34.784 58.2509
