1.823 11.5802 7.527 26.1346 
1.311 11.5802 8.09 26.1346 
1.688 10.8508 7.549 23.802 
2.007 10.8508 21.987 23.802 
1.546 11.0862 6.267 24.9003 
1.711 11.0862 7.088 24.9003 
1.707 11.3673 7.268 25.6117 
1.67 11.3673 7.027 25.6117 
1.463 12.5398 6.975 44.5876 
1.376 12.5398 6.938 44.5876 
1.485 11.9881 10.076 24.0466 
1.543 11.9881 21.54 24.0466 
1.747 12.2926 6.743 26.0358 
2.156 12.2926 8.012 26.0358 
1.991 11.3454 8.174 33.894 
1.953 11.3454 7.886 33.894 
1.998 12.2107 7.39 32.0016 
1.378 12.2107 7.39 32.0016 
1.872 12.2107 7.481 32.0016 
1.519 13.9557 7.028 30.351 
1.866 13.9557 8.193 30.351 
1.386 13.6326 6.397 29.1965 
1.857 13.6326 8.16 29.1965 
1.51 13.0936 7.523 27.564 
1.406 13.0936 7.229 27.564 
1.406 11.9796 7.55 34.018 
1.484 11.9796 8.023 34.018 
1.349 11.9796 7.945 34.018 
2.075 11.9796 7.926 34.018 
2.187 11.9796 8.017 34.018 
1.833 11.9796 8.321 34.018 
1.897 11.9796 7.07 34.018 
1.895 11.9796 7.861 34.018 
