22.628000 9.229399 22.443000 17.354675 

22.628000 9.229399 22.443000 17.354675 
18.263000 25.490579 18.672000 44.041273 

22.628000 9.229399 22.443000 17.354675 
18.263000 25.490579 18.672000 44.041273 
11.106000 25.490579 19.645000 44.041273 

22.628000 9.229399 22.443000 17.354675 
18.263000 25.490579 18.672000 44.041273 
11.106000 25.490579 19.645000 44.041273 
18.651000 27.846405 22.852000 39.676791 

22.628000 9.229399 22.443000 17.354675 
18.263000 25.490579 18.672000 44.041273 
11.106000 25.490579 19.645000 44.041273 
18.651000 27.846405 22.852000 39.676791 
13.509000 27.846405 22.419000 39.676791 

22.628000 9.229399 22.443000 17.354675 
18.263000 25.490579 18.672000 44.041273 
11.106000 25.490579 19.645000 44.041273 
18.651000 27.846405 22.852000 39.676791 
13.509000 27.846405 22.419000 39.676791 
18.856000 26.819683 22.116000 37.630554 

22.628000 9.229399 22.443000 17.354675 
18.263000 25.490579 18.672000 44.041273 
11.106000 25.490579 19.645000 44.041273 
18.651000 27.846405 22.852000 39.676791 
13.509000 27.846405 22.419000 39.676791 
18.856000 26.819683 22.116000 37.630554 
16.079000 26.819683 22.614000 37.630554 

22.628000 9.229399 22.443000 17.354675 
18.263000 25.490579 18.672000 44.041273 
11.106000 25.490579 19.645000 44.041273 
18.651000 27.846405 22.852000 39.676791 
13.509000 27.846405 22.419000 39.676791 
18.856000 26.819683 22.116000 37.630554 
16.079000 26.819683 22.614000 37.630554 
17.833000 28.635979 24.268000 40.877589 

22.628000 9.229399 22.443000 17.354675 
18.263000 25.490579 18.672000 44.041273 
11.106000 25.490579 19.645000 44.041273 
18.651000 27.846405 22.852000 39.676791 
13.509000 27.846405 22.419000 39.676791 
18.856000 26.819683 22.116000 37.630554 
16.079000 26.819683 22.614000 37.630554 
17.833000 28.635979 24.268000 40.877589 
18.658000 28.635979 22.880000 40.877589 

22.628000 9.229399 22.443000 17.354675 
18.263000 25.490579 18.672000 44.041273 
11.106000 25.490579 19.645000 44.041273 
18.651000 27.846405 22.852000 39.676791 
13.509000 27.846405 22.419000 39.676791 
18.856000 26.819683 22.116000 37.630554 
16.079000 26.819683 22.614000 37.630554 
17.833000 28.635979 24.268000 40.877589 
18.658000 28.635979 22.880000 40.877589 
13.427000 28.846485 15.170000 41.388512 

22.628000 9.229399 22.443000 17.354675 
18.263000 25.490579 18.672000 44.041273 
11.106000 25.490579 19.645000 44.041273 
18.651000 27.846405 22.852000 39.676791 
13.509000 27.846405 22.419000 39.676791 
18.856000 26.819683 22.116000 37.630554 
16.079000 26.819683 22.614000 37.630554 
17.833000 28.635979 24.268000 40.877589 
18.658000 28.635979 22.880000 40.877589 
13.427000 28.846485 15.170000 41.388512 
14.991000 28.846485 20.742000 41.388512 

22.628000 9.229399 22.443000 17.354675 
18.263000 25.490579 18.672000 44.041273 
11.106000 25.490579 19.645000 44.041273 
18.651000 27.846405 22.852000 39.676791 
13.509000 27.846405 22.419000 39.676791 
18.856000 26.819683 22.116000 37.630554 
16.079000 26.819683 22.614000 37.630554 
17.833000 28.635979 24.268000 40.877589 
18.658000 28.635979 22.880000 40.877589 
13.427000 28.846485 15.170000 41.388512 
14.991000 28.846485 20.742000 41.388512 
17.164000 33.871340 22.337000 37.139558 

22.628000 9.229399 22.443000 17.354675 
18.263000 25.490579 18.672000 44.041273 
11.106000 25.490579 19.645000 44.041273 
18.651000 27.846405 22.852000 39.676791 
13.509000 27.846405 22.419000 39.676791 
18.856000 26.819683 22.116000 37.630554 
16.079000 26.819683 22.614000 37.630554 
17.833000 28.635979 24.268000 40.877589 
18.658000 28.635979 22.880000 40.877589 
13.427000 28.846485 15.170000 41.388512 
14.991000 28.846485 20.742000 41.388512 
17.164000 33.871340 22.337000 37.139558 
16.604000 33.871340 19.706000 37.139558 

22.628000 9.229399 22.443000 17.354675 
18.263000 25.490579 18.672000 44.041273 
11.106000 25.490579 19.645000 44.041273 
18.651000 27.846405 22.852000 39.676791 
13.509000 27.846405 22.419000 39.676791 
18.856000 26.819683 22.116000 37.630554 
16.079000 26.819683 22.614000 37.630554 
17.833000 28.635979 24.268000 40.877589 
18.658000 28.635979 22.880000 40.877589 
13.427000 28.846485 15.170000 41.388512 
14.991000 28.846485 20.742000 41.388512 
17.164000 33.871340 22.337000 37.139558 
16.604000 33.871340 19.706000 37.139558 
19.285000 18.021538 17.856000 41.052890 

22.628000 9.229399 22.443000 17.354675 
18.263000 25.490579 18.672000 44.041273 
11.106000 25.490579 19.645000 44.041273 
18.651000 27.846405 22.852000 39.676791 
13.509000 27.846405 22.419000 39.676791 
18.856000 26.819683 22.116000 37.630554 
16.079000 26.819683 22.614000 37.630554 
17.833000 28.635979 24.268000 40.877589 
18.658000 28.635979 22.880000 40.877589 
13.427000 28.846485 15.170000 41.388512 
14.991000 28.846485 20.742000 41.388512 
17.164000 33.871340 22.337000 37.139558 
16.604000 33.871340 19.706000 37.139558 
19.285000 18.021538 17.856000 41.052890 
13.552000 18.021538 16.618000 41.052890 

22.628000 9.229399 22.443000 17.354675 
18.263000 25.490579 18.672000 44.041273 
11.106000 25.490579 19.645000 44.041273 
18.651000 27.846405 22.852000 39.676791 
13.509000 27.846405 22.419000 39.676791 
18.856000 26.819683 22.116000 37.630554 
16.079000 26.819683 22.614000 37.630554 
17.833000 28.635979 24.268000 40.877589 
18.658000 28.635979 22.880000 40.877589 
13.427000 28.846485 15.170000 41.388512 
14.991000 28.846485 20.742000 41.388512 
17.164000 33.871340 22.337000 37.139558 
16.604000 33.871340 19.706000 37.139558 
19.285000 18.021538 17.856000 41.052890 
13.552000 18.021538 16.618000 41.052890 
9.055000 23.507576 19.740000 34.256722 

22.628000 9.229399 22.443000 17.354675 
18.263000 25.490579 18.672000 44.041273 
11.106000 25.490579 19.645000 44.041273 
18.651000 27.846405 22.852000 39.676791 
13.509000 27.846405 22.419000 39.676791 
18.856000 26.819683 22.116000 37.630554 
16.079000 26.819683 22.614000 37.630554 
17.833000 28.635979 24.268000 40.877589 
18.658000 28.635979 22.880000 40.877589 
13.427000 28.846485 15.170000 41.388512 
14.991000 28.846485 20.742000 41.388512 
17.164000 33.871340 22.337000 37.139558 
16.604000 33.871340 19.706000 37.139558 
19.285000 18.021538 17.856000 41.052890 
13.552000 18.021538 16.618000 41.052890 
9.055000 23.507576 19.740000 34.256722 
16.708000 23.507576 17.227000 34.256722 

22.628000 9.229399 22.443000 17.354675 
18.263000 25.490579 18.672000 44.041273 
11.106000 25.490579 19.645000 44.041273 
18.651000 27.846405 22.852000 39.676791 
13.509000 27.846405 22.419000 39.676791 
18.856000 26.819683 22.116000 37.630554 
16.079000 26.819683 22.614000 37.630554 
17.833000 28.635979 24.268000 40.877589 
18.658000 28.635979 22.880000 40.877589 
13.427000 28.846485 15.170000 41.388512 
14.991000 28.846485 20.742000 41.388512 
17.164000 33.871340 22.337000 37.139558 
16.604000 33.871340 19.706000 37.139558 
19.285000 18.021538 17.856000 41.052890 
13.552000 18.021538 16.618000 41.052890 
9.055000 23.507576 19.740000 34.256722 
16.708000 23.507576 17.227000 34.256722 
13.384000 23.507576 16.077000 34.256722 

22.628000 9.229399 22.443000 17.354675 
18.263000 25.490579 18.672000 44.041273 
11.106000 25.490579 19.645000 44.041273 
18.651000 27.846405 22.852000 39.676791 
13.509000 27.846405 22.419000 39.676791 
18.856000 26.819683 22.116000 37.630554 
16.079000 26.819683 22.614000 37.630554 
17.833000 28.635979 24.268000 40.877589 
18.658000 28.635979 22.880000 40.877589 
13.427000 28.846485 15.170000 41.388512 
14.991000 28.846485 20.742000 41.388512 
17.164000 33.871340 22.337000 37.139558 
16.604000 33.871340 19.706000 37.139558 
19.285000 18.021538 17.856000 41.052890 
13.552000 18.021538 16.618000 41.052890 
9.055000 23.507576 19.740000 34.256722 
16.708000 23.507576 17.227000 34.256722 
13.384000 23.507576 16.077000 34.256722 
1.339000 23.352904 8.393000 329.471196 

22.628000 9.229399 22.443000 17.354675 
18.263000 25.490579 18.672000 44.041273 
11.106000 25.490579 19.645000 44.041273 
18.651000 27.846405 22.852000 39.676791 
13.509000 27.846405 22.419000 39.676791 
18.856000 26.819683 22.116000 37.630554 
16.079000 26.819683 22.614000 37.630554 
17.833000 28.635979 24.268000 40.877589 
18.658000 28.635979 22.880000 40.877589 
13.427000 28.846485 15.170000 41.388512 
14.991000 28.846485 20.742000 41.388512 
17.164000 33.871340 22.337000 37.139558 
16.604000 33.871340 19.706000 37.139558 
19.285000 18.021538 17.856000 41.052890 
13.552000 18.021538 16.618000 41.052890 
9.055000 23.507576 19.740000 34.256722 
16.708000 23.507576 17.227000 34.256722 
13.384000 23.507576 16.077000 34.256722 
1.339000 23.352904 8.393000 329.471196 
8.549000 163.427235 24.037000 238.701233 

22.628000 9.229399 22.443000 17.354675 
18.263000 25.490579 18.672000 44.041273 
11.106000 25.490579 19.645000 44.041273 
18.651000 27.846405 22.852000 39.676791 
13.509000 27.846405 22.419000 39.676791 
18.856000 26.819683 22.116000 37.630554 
16.079000 26.819683 22.614000 37.630554 
17.833000 28.635979 24.268000 40.877589 
18.658000 28.635979 22.880000 40.877589 
13.427000 28.846485 15.170000 41.388512 
14.991000 28.846485 20.742000 41.388512 
17.164000 33.871340 22.337000 37.139558 
16.604000 33.871340 19.706000 37.139558 
19.285000 18.021538 17.856000 41.052890 
13.552000 18.021538 16.618000 41.052890 
9.055000 23.507576 19.740000 34.256722 
16.708000 23.507576 17.227000 34.256722 
13.384000 23.507576 16.077000 34.256722 
1.339000 23.352904 8.393000 329.471196 
8.549000 163.427235 24.037000 238.701233 
14.069000 163.427235 22.494000 238.701233 

22.628000 9.229399 22.443000 17.354675 
18.263000 25.490579 18.672000 44.041273 
11.106000 25.490579 19.645000 44.041273 
18.651000 27.846405 22.852000 39.676791 
13.509000 27.846405 22.419000 39.676791 
18.856000 26.819683 22.116000 37.630554 
16.079000 26.819683 22.614000 37.630554 
17.833000 28.635979 24.268000 40.877589 
18.658000 28.635979 22.880000 40.877589 
13.427000 28.846485 15.170000 41.388512 
14.991000 28.846485 20.742000 41.388512 
17.164000 33.871340 22.337000 37.139558 
16.604000 33.871340 19.706000 37.139558 
19.285000 18.021538 17.856000 41.052890 
13.552000 18.021538 16.618000 41.052890 
9.055000 23.507576 19.740000 34.256722 
16.708000 23.507576 17.227000 34.256722 
13.384000 23.507576 16.077000 34.256722 
1.339000 23.352904 8.393000 329.471196 
8.549000 163.427235 24.037000 238.701233 
14.069000 163.427235 22.494000 238.701233 
18.780000 128.111764 19.931000 181.488465 

22.628000 9.229399 22.443000 17.354675 
18.263000 25.490579 18.672000 44.041273 
11.106000 25.490579 19.645000 44.041273 
18.651000 27.846405 22.852000 39.676791 
13.509000 27.846405 22.419000 39.676791 
18.856000 26.819683 22.116000 37.630554 
16.079000 26.819683 22.614000 37.630554 
17.833000 28.635979 24.268000 40.877589 
18.658000 28.635979 22.880000 40.877589 
13.427000 28.846485 15.170000 41.388512 
14.991000 28.846485 20.742000 41.388512 
17.164000 33.871340 22.337000 37.139558 
16.604000 33.871340 19.706000 37.139558 
19.285000 18.021538 17.856000 41.052890 
13.552000 18.021538 16.618000 41.052890 
9.055000 23.507576 19.740000 34.256722 
16.708000 23.507576 17.227000 34.256722 
13.384000 23.507576 16.077000 34.256722 
1.339000 23.352904 8.393000 329.471196 
8.549000 163.427235 24.037000 238.701233 
14.069000 163.427235 22.494000 238.701233 
18.780000 128.111764 19.931000 181.488465 
17.983000 128.111764 19.252000 181.488465 

22.628000 9.229399 22.443000 17.354675 
18.263000 25.490579 18.672000 44.041273 
11.106000 25.490579 19.645000 44.041273 
18.651000 27.846405 22.852000 39.676791 
13.509000 27.846405 22.419000 39.676791 
18.856000 26.819683 22.116000 37.630554 
16.079000 26.819683 22.614000 37.630554 
17.833000 28.635979 24.268000 40.877589 
18.658000 28.635979 22.880000 40.877589 
13.427000 28.846485 15.170000 41.388512 
14.991000 28.846485 20.742000 41.388512 
17.164000 33.871340 22.337000 37.139558 
16.604000 33.871340 19.706000 37.139558 
19.285000 18.021538 17.856000 41.052890 
13.552000 18.021538 16.618000 41.052890 
9.055000 23.507576 19.740000 34.256722 
16.708000 23.507576 17.227000 34.256722 
13.384000 23.507576 16.077000 34.256722 
1.339000 23.352904 8.393000 329.471196 
8.549000 163.427235 24.037000 238.701233 
14.069000 163.427235 22.494000 238.701233 
18.780000 128.111764 19.931000 181.488465 
17.983000 128.111764 19.252000 181.488465 
16.748000 128.111764 19.252000 181.488465 

22.628000 9.229399 22.443000 17.354675 
18.263000 25.490579 18.672000 44.041273 
11.106000 25.490579 19.645000 44.041273 
18.651000 27.846405 22.852000 39.676791 
13.509000 27.846405 22.419000 39.676791 
18.856000 26.819683 22.116000 37.630554 
16.079000 26.819683 22.614000 37.630554 
17.833000 28.635979 24.268000 40.877589 
18.658000 28.635979 22.880000 40.877589 
13.427000 28.846485 15.170000 41.388512 
14.991000 28.846485 20.742000 41.388512 
17.164000 33.871340 22.337000 37.139558 
16.604000 33.871340 19.706000 37.139558 
19.285000 18.021538 17.856000 41.052890 
13.552000 18.021538 16.618000 41.052890 
9.055000 23.507576 19.740000 34.256722 
16.708000 23.507576 17.227000 34.256722 
13.384000 23.507576 16.077000 34.256722 
1.339000 23.352904 8.393000 329.471196 
8.549000 163.427235 24.037000 238.701233 
14.069000 163.427235 22.494000 238.701233 
18.780000 128.111764 19.931000 181.488465 
17.983000 128.111764 19.252000 181.488465 
16.748000 128.111764 19.252000 181.488465 
14.013000 99.800334 22.041000 141.521225 

22.628000 9.229399 22.443000 17.354675 
18.263000 25.490579 18.672000 44.041273 
11.106000 25.490579 19.645000 44.041273 
18.651000 27.846405 22.852000 39.676791 
13.509000 27.846405 22.419000 39.676791 
18.856000 26.819683 22.116000 37.630554 
16.079000 26.819683 22.614000 37.630554 
17.833000 28.635979 24.268000 40.877589 
18.658000 28.635979 22.880000 40.877589 
13.427000 28.846485 15.170000 41.388512 
14.991000 28.846485 20.742000 41.388512 
17.164000 33.871340 22.337000 37.139558 
16.604000 33.871340 19.706000 37.139558 
19.285000 18.021538 17.856000 41.052890 
13.552000 18.021538 16.618000 41.052890 
9.055000 23.507576 19.740000 34.256722 
16.708000 23.507576 17.227000 34.256722 
13.384000 23.507576 16.077000 34.256722 
1.339000 23.352904 8.393000 329.471196 
8.549000 163.427235 24.037000 238.701233 
14.069000 163.427235 22.494000 238.701233 
18.780000 128.111764 19.931000 181.488465 
17.983000 128.111764 19.252000 181.488465 
16.748000 128.111764 19.252000 181.488465 
14.013000 99.800334 22.041000 141.521225 
13.900000 99.800334 15.376000 141.521225 

22.628000 9.229399 22.443000 17.354675 
18.263000 25.490579 18.672000 44.041273 
11.106000 25.490579 19.645000 44.041273 
18.651000 27.846405 22.852000 39.676791 
13.509000 27.846405 22.419000 39.676791 
18.856000 26.819683 22.116000 37.630554 
16.079000 26.819683 22.614000 37.630554 
17.833000 28.635979 24.268000 40.877589 
18.658000 28.635979 22.880000 40.877589 
13.427000 28.846485 15.170000 41.388512 
14.991000 28.846485 20.742000 41.388512 
17.164000 33.871340 22.337000 37.139558 
16.604000 33.871340 19.706000 37.139558 
19.285000 18.021538 17.856000 41.052890 
13.552000 18.021538 16.618000 41.052890 
9.055000 23.507576 19.740000 34.256722 
16.708000 23.507576 17.227000 34.256722 
13.384000 23.507576 16.077000 34.256722 
1.339000 23.352904 8.393000 329.471196 
8.549000 163.427235 24.037000 238.701233 
14.069000 163.427235 22.494000 238.701233 
18.780000 128.111764 19.931000 181.488465 
17.983000 128.111764 19.252000 181.488465 
16.748000 128.111764 19.252000 181.488465 
14.013000 99.800334 22.041000 141.521225 
13.900000 99.800334 15.376000 141.521225 
18.598000 78.291233 23.074000 113.675154 

22.628000 9.229399 22.443000 17.354675 
18.263000 25.490579 18.672000 44.041273 
11.106000 25.490579 19.645000 44.041273 
18.651000 27.846405 22.852000 39.676791 
13.509000 27.846405 22.419000 39.676791 
18.856000 26.819683 22.116000 37.630554 
16.079000 26.819683 22.614000 37.630554 
17.833000 28.635979 24.268000 40.877589 
18.658000 28.635979 22.880000 40.877589 
13.427000 28.846485 15.170000 41.388512 
14.991000 28.846485 20.742000 41.388512 
17.164000 33.871340 22.337000 37.139558 
16.604000 33.871340 19.706000 37.139558 
19.285000 18.021538 17.856000 41.052890 
13.552000 18.021538 16.618000 41.052890 
9.055000 23.507576 19.740000 34.256722 
16.708000 23.507576 17.227000 34.256722 
13.384000 23.507576 16.077000 34.256722 
1.339000 23.352904 8.393000 329.471196 
8.549000 163.427235 24.037000 238.701233 
14.069000 163.427235 22.494000 238.701233 
18.780000 128.111764 19.931000 181.488465 
17.983000 128.111764 19.252000 181.488465 
16.748000 128.111764 19.252000 181.488465 
14.013000 99.800334 22.041000 141.521225 
13.900000 99.800334 15.376000 141.521225 
18.598000 78.291233 23.074000 113.675154 
10.385000 78.291233 19.065000 113.675154 

22.628000 9.229399 22.443000 17.354675 
18.263000 25.490579 18.672000 44.041273 
11.106000 25.490579 19.645000 44.041273 
18.651000 27.846405 22.852000 39.676791 
13.509000 27.846405 22.419000 39.676791 
18.856000 26.819683 22.116000 37.630554 
16.079000 26.819683 22.614000 37.630554 
17.833000 28.635979 24.268000 40.877589 
18.658000 28.635979 22.880000 40.877589 
13.427000 28.846485 15.170000 41.388512 
14.991000 28.846485 20.742000 41.388512 
17.164000 33.871340 22.337000 37.139558 
16.604000 33.871340 19.706000 37.139558 
19.285000 18.021538 17.856000 41.052890 
13.552000 18.021538 16.618000 41.052890 
9.055000 23.507576 19.740000 34.256722 
16.708000 23.507576 17.227000 34.256722 
13.384000 23.507576 16.077000 34.256722 
1.339000 23.352904 8.393000 329.471196 
8.549000 163.427235 24.037000 238.701233 
14.069000 163.427235 22.494000 238.701233 
18.780000 128.111764 19.931000 181.488465 
17.983000 128.111764 19.252000 181.488465 
16.748000 128.111764 19.252000 181.488465 
14.013000 99.800334 22.041000 141.521225 
13.900000 99.800334 15.376000 141.521225 
18.598000 78.291233 23.074000 113.675154 
10.385000 78.291233 19.065000 113.675154 
18.935000 53.421263 22.583000 91.301307 

22.628000 9.229399 22.443000 17.354675 
18.263000 25.490579 18.672000 44.041273 
11.106000 25.490579 19.645000 44.041273 
18.651000 27.846405 22.852000 39.676791 
13.509000 27.846405 22.419000 39.676791 
18.856000 26.819683 22.116000 37.630554 
16.079000 26.819683 22.614000 37.630554 
17.833000 28.635979 24.268000 40.877589 
18.658000 28.635979 22.880000 40.877589 
13.427000 28.846485 15.170000 41.388512 
14.991000 28.846485 20.742000 41.388512 
17.164000 33.871340 22.337000 37.139558 
16.604000 33.871340 19.706000 37.139558 
19.285000 18.021538 17.856000 41.052890 
13.552000 18.021538 16.618000 41.052890 
9.055000 23.507576 19.740000 34.256722 
16.708000 23.507576 17.227000 34.256722 
13.384000 23.507576 16.077000 34.256722 
1.339000 23.352904 8.393000 329.471196 
8.549000 163.427235 24.037000 238.701233 
14.069000 163.427235 22.494000 238.701233 
18.780000 128.111764 19.931000 181.488465 
17.983000 128.111764 19.252000 181.488465 
16.748000 128.111764 19.252000 181.488465 
14.013000 99.800334 22.041000 141.521225 
13.900000 99.800334 15.376000 141.521225 
18.598000 78.291233 23.074000 113.675154 
10.385000 78.291233 19.065000 113.675154 
18.935000 53.421263 22.583000 91.301307 
18.431000 53.421263 21.996000 91.301307 

22.628000 9.229399 22.443000 17.354675 
18.263000 25.490579 18.672000 44.041273 
11.106000 25.490579 19.645000 44.041273 
18.651000 27.846405 22.852000 39.676791 
13.509000 27.846405 22.419000 39.676791 
18.856000 26.819683 22.116000 37.630554 
16.079000 26.819683 22.614000 37.630554 
17.833000 28.635979 24.268000 40.877589 
18.658000 28.635979 22.880000 40.877589 
13.427000 28.846485 15.170000 41.388512 
14.991000 28.846485 20.742000 41.388512 
17.164000 33.871340 22.337000 37.139558 
16.604000 33.871340 19.706000 37.139558 
19.285000 18.021538 17.856000 41.052890 
13.552000 18.021538 16.618000 41.052890 
9.055000 23.507576 19.740000 34.256722 
16.708000 23.507576 17.227000 34.256722 
13.384000 23.507576 16.077000 34.256722 
1.339000 23.352904 8.393000 329.471196 
8.549000 163.427235 24.037000 238.701233 
14.069000 163.427235 22.494000 238.701233 
18.780000 128.111764 19.931000 181.488465 
17.983000 128.111764 19.252000 181.488465 
16.748000 128.111764 19.252000 181.488465 
14.013000 99.800334 22.041000 141.521225 
13.900000 99.800334 15.376000 141.521225 
18.598000 78.291233 23.074000 113.675154 
10.385000 78.291233 19.065000 113.675154 
18.935000 53.421263 22.583000 91.301307 
18.431000 53.421263 21.996000 91.301307 
8.933000 43.228686 16.204000 70.846814 

22.628000 9.229399 22.443000 17.354675 
18.263000 25.490579 18.672000 44.041273 
11.106000 25.490579 19.645000 44.041273 
18.651000 27.846405 22.852000 39.676791 
13.509000 27.846405 22.419000 39.676791 
18.856000 26.819683 22.116000 37.630554 
16.079000 26.819683 22.614000 37.630554 
17.833000 28.635979 24.268000 40.877589 
18.658000 28.635979 22.880000 40.877589 
13.427000 28.846485 15.170000 41.388512 
14.991000 28.846485 20.742000 41.388512 
17.164000 33.871340 22.337000 37.139558 
16.604000 33.871340 19.706000 37.139558 
19.285000 18.021538 17.856000 41.052890 
13.552000 18.021538 16.618000 41.052890 
9.055000 23.507576 19.740000 34.256722 
16.708000 23.507576 17.227000 34.256722 
13.384000 23.507576 16.077000 34.256722 
1.339000 23.352904 8.393000 329.471196 
8.549000 163.427235 24.037000 238.701233 
14.069000 163.427235 22.494000 238.701233 
18.780000 128.111764 19.931000 181.488465 
17.983000 128.111764 19.252000 181.488465 
16.748000 128.111764 19.252000 181.488465 
14.013000 99.800334 22.041000 141.521225 
13.900000 99.800334 15.376000 141.521225 
18.598000 78.291233 23.074000 113.675154 
10.385000 78.291233 19.065000 113.675154 
18.935000 53.421263 22.583000 91.301307 
18.431000 53.421263 21.996000 91.301307 
8.933000 43.228686 16.204000 70.846814 
19.467000 43.228686 22.648000 70.846814 

22.628000 9.229399 22.443000 17.354675 
18.263000 25.490579 18.672000 44.041273 
11.106000 25.490579 19.645000 44.041273 
18.651000 27.846405 22.852000 39.676791 
13.509000 27.846405 22.419000 39.676791 
18.856000 26.819683 22.116000 37.630554 
16.079000 26.819683 22.614000 37.630554 
17.833000 28.635979 24.268000 40.877589 
18.658000 28.635979 22.880000 40.877589 
13.427000 28.846485 15.170000 41.388512 
14.991000 28.846485 20.742000 41.388512 
17.164000 33.871340 22.337000 37.139558 
16.604000 33.871340 19.706000 37.139558 
19.285000 18.021538 17.856000 41.052890 
13.552000 18.021538 16.618000 41.052890 
9.055000 23.507576 19.740000 34.256722 
16.708000 23.507576 17.227000 34.256722 
13.384000 23.507576 16.077000 34.256722 
1.339000 23.352904 8.393000 329.471196 
8.549000 163.427235 24.037000 238.701233 
14.069000 163.427235 22.494000 238.701233 
18.780000 128.111764 19.931000 181.488465 
17.983000 128.111764 19.252000 181.488465 
16.748000 128.111764 19.252000 181.488465 
14.013000 99.800334 22.041000 141.521225 
13.900000 99.800334 15.376000 141.521225 
18.598000 78.291233 23.074000 113.675154 
10.385000 78.291233 19.065000 113.675154 
18.935000 53.421263 22.583000 91.301307 
18.431000 53.421263 21.996000 91.301307 
8.933000 43.228686 16.204000 70.846814 
19.467000 43.228686 22.648000 70.846814 
19.568000 35.451781 16.116000 65.189970 

22.628000 9.229399 22.443000 17.354675 
18.263000 25.490579 18.672000 44.041273 
11.106000 25.490579 19.645000 44.041273 
18.651000 27.846405 22.852000 39.676791 
13.509000 27.846405 22.419000 39.676791 
18.856000 26.819683 22.116000 37.630554 
16.079000 26.819683 22.614000 37.630554 
17.833000 28.635979 24.268000 40.877589 
18.658000 28.635979 22.880000 40.877589 
13.427000 28.846485 15.170000 41.388512 
14.991000 28.846485 20.742000 41.388512 
17.164000 33.871340 22.337000 37.139558 
16.604000 33.871340 19.706000 37.139558 
19.285000 18.021538 17.856000 41.052890 
13.552000 18.021538 16.618000 41.052890 
9.055000 23.507576 19.740000 34.256722 
16.708000 23.507576 17.227000 34.256722 
13.384000 23.507576 16.077000 34.256722 
1.339000 23.352904 8.393000 329.471196 
8.549000 163.427235 24.037000 238.701233 
14.069000 163.427235 22.494000 238.701233 
18.780000 128.111764 19.931000 181.488465 
17.983000 128.111764 19.252000 181.488465 
16.748000 128.111764 19.252000 181.488465 
14.013000 99.800334 22.041000 141.521225 
13.900000 99.800334 15.376000 141.521225 
18.598000 78.291233 23.074000 113.675154 
10.385000 78.291233 19.065000 113.675154 
18.935000 53.421263 22.583000 91.301307 
18.431000 53.421263 21.996000 91.301307 
8.933000 43.228686 16.204000 70.846814 
19.467000 43.228686 22.648000 70.846814 
19.568000 35.451781 16.116000 65.189970 
9.176000 35.451781 16.926000 65.189970 

22.628000 9.229399 22.443000 17.354675 
18.263000 25.490579 18.672000 44.041273 
11.106000 25.490579 19.645000 44.041273 
18.651000 27.846405 22.852000 39.676791 
13.509000 27.846405 22.419000 39.676791 
18.856000 26.819683 22.116000 37.630554 
16.079000 26.819683 22.614000 37.630554 
17.833000 28.635979 24.268000 40.877589 
18.658000 28.635979 22.880000 40.877589 
13.427000 28.846485 15.170000 41.388512 
14.991000 28.846485 20.742000 41.388512 
17.164000 33.871340 22.337000 37.139558 
16.604000 33.871340 19.706000 37.139558 
19.285000 18.021538 17.856000 41.052890 
13.552000 18.021538 16.618000 41.052890 
9.055000 23.507576 19.740000 34.256722 
16.708000 23.507576 17.227000 34.256722 
13.384000 23.507576 16.077000 34.256722 
1.339000 23.352904 8.393000 329.471196 
8.549000 163.427235 24.037000 238.701233 
14.069000 163.427235 22.494000 238.701233 
18.780000 128.111764 19.931000 181.488465 
17.983000 128.111764 19.252000 181.488465 
16.748000 128.111764 19.252000 181.488465 
14.013000 99.800334 22.041000 141.521225 
13.900000 99.800334 15.376000 141.521225 
18.598000 78.291233 23.074000 113.675154 
10.385000 78.291233 19.065000 113.675154 
18.935000 53.421263 22.583000 91.301307 
18.431000 53.421263 21.996000 91.301307 
8.933000 43.228686 16.204000 70.846814 
19.467000 43.228686 22.648000 70.846814 
19.568000 35.451781 16.116000 65.189970 
9.176000 35.451781 16.926000 65.189970 
8.647000 29.898347 19.495000 61.332379 

22.628000 9.229399 22.443000 17.354675 
18.263000 25.490579 18.672000 44.041273 
11.106000 25.490579 19.645000 44.041273 
18.651000 27.846405 22.852000 39.676791 
13.509000 27.846405 22.419000 39.676791 
18.856000 26.819683 22.116000 37.630554 
16.079000 26.819683 22.614000 37.630554 
17.833000 28.635979 24.268000 40.877589 
18.658000 28.635979 22.880000 40.877589 
13.427000 28.846485 15.170000 41.388512 
14.991000 28.846485 20.742000 41.388512 
17.164000 33.871340 22.337000 37.139558 
16.604000 33.871340 19.706000 37.139558 
19.285000 18.021538 17.856000 41.052890 
13.552000 18.021538 16.618000 41.052890 
9.055000 23.507576 19.740000 34.256722 
16.708000 23.507576 17.227000 34.256722 
13.384000 23.507576 16.077000 34.256722 
1.339000 23.352904 8.393000 329.471196 
8.549000 163.427235 24.037000 238.701233 
14.069000 163.427235 22.494000 238.701233 
18.780000 128.111764 19.931000 181.488465 
17.983000 128.111764 19.252000 181.488465 
16.748000 128.111764 19.252000 181.488465 
14.013000 99.800334 22.041000 141.521225 
13.900000 99.800334 15.376000 141.521225 
18.598000 78.291233 23.074000 113.675154 
10.385000 78.291233 19.065000 113.675154 
18.935000 53.421263 22.583000 91.301307 
18.431000 53.421263 21.996000 91.301307 
8.933000 43.228686 16.204000 70.846814 
19.467000 43.228686 22.648000 70.846814 
19.568000 35.451781 16.116000 65.189970 
9.176000 35.451781 16.926000 65.189970 
8.647000 29.898347 19.495000 61.332379 
13.835000 29.898347 22.306000 61.332379 

22.628000 9.229399 22.443000 17.354675 
18.263000 25.490579 18.672000 44.041273 
11.106000 25.490579 19.645000 44.041273 
18.651000 27.846405 22.852000 39.676791 
13.509000 27.846405 22.419000 39.676791 
18.856000 26.819683 22.116000 37.630554 
16.079000 26.819683 22.614000 37.630554 
17.833000 28.635979 24.268000 40.877589 
18.658000 28.635979 22.880000 40.877589 
13.427000 28.846485 15.170000 41.388512 
14.991000 28.846485 20.742000 41.388512 
17.164000 33.871340 22.337000 37.139558 
16.604000 33.871340 19.706000 37.139558 
19.285000 18.021538 17.856000 41.052890 
13.552000 18.021538 16.618000 41.052890 
9.055000 23.507576 19.740000 34.256722 
16.708000 23.507576 17.227000 34.256722 
13.384000 23.507576 16.077000 34.256722 
1.339000 23.352904 8.393000 329.471196 
8.549000 163.427235 24.037000 238.701233 
14.069000 163.427235 22.494000 238.701233 
18.780000 128.111764 19.931000 181.488465 
17.983000 128.111764 19.252000 181.488465 
16.748000 128.111764 19.252000 181.488465 
14.013000 99.800334 22.041000 141.521225 
13.900000 99.800334 15.376000 141.521225 
18.598000 78.291233 23.074000 113.675154 
10.385000 78.291233 19.065000 113.675154 
18.935000 53.421263 22.583000 91.301307 
18.431000 53.421263 21.996000 91.301307 
8.933000 43.228686 16.204000 70.846814 
19.467000 43.228686 22.648000 70.846814 
19.568000 35.451781 16.116000 65.189970 
9.176000 35.451781 16.926000 65.189970 
8.647000 29.898347 19.495000 61.332379 
13.835000 29.898347 22.306000 61.332379 
18.089000 36.440942 14.232000 56.532166 

22.628000 9.229399 22.443000 17.354675 
18.263000 25.490579 18.672000 44.041273 
11.106000 25.490579 19.645000 44.041273 
18.651000 27.846405 22.852000 39.676791 
13.509000 27.846405 22.419000 39.676791 
18.856000 26.819683 22.116000 37.630554 
16.079000 26.819683 22.614000 37.630554 
17.833000 28.635979 24.268000 40.877589 
18.658000 28.635979 22.880000 40.877589 
13.427000 28.846485 15.170000 41.388512 
14.991000 28.846485 20.742000 41.388512 
17.164000 33.871340 22.337000 37.139558 
16.604000 33.871340 19.706000 37.139558 
19.285000 18.021538 17.856000 41.052890 
13.552000 18.021538 16.618000 41.052890 
9.055000 23.507576 19.740000 34.256722 
16.708000 23.507576 17.227000 34.256722 
13.384000 23.507576 16.077000 34.256722 
1.339000 23.352904 8.393000 329.471196 
8.549000 163.427235 24.037000 238.701233 
14.069000 163.427235 22.494000 238.701233 
18.780000 128.111764 19.931000 181.488465 
17.983000 128.111764 19.252000 181.488465 
16.748000 128.111764 19.252000 181.488465 
14.013000 99.800334 22.041000 141.521225 
13.900000 99.800334 15.376000 141.521225 
18.598000 78.291233 23.074000 113.675154 
10.385000 78.291233 19.065000 113.675154 
18.935000 53.421263 22.583000 91.301307 
18.431000 53.421263 21.996000 91.301307 
8.933000 43.228686 16.204000 70.846814 
19.467000 43.228686 22.648000 70.846814 
19.568000 35.451781 16.116000 65.189970 
9.176000 35.451781 16.926000 65.189970 
8.647000 29.898347 19.495000 61.332379 
13.835000 29.898347 22.306000 61.332379 
18.089000 36.440942 14.232000 56.532166 
12.621000 36.440942 21.842000 56.532166 

22.628000 9.229399 22.443000 17.354675 
18.263000 25.490579 18.672000 44.041273 
11.106000 25.490579 19.645000 44.041273 
18.651000 27.846405 22.852000 39.676791 
13.509000 27.846405 22.419000 39.676791 
18.856000 26.819683 22.116000 37.630554 
16.079000 26.819683 22.614000 37.630554 
17.833000 28.635979 24.268000 40.877589 
18.658000 28.635979 22.880000 40.877589 
13.427000 28.846485 15.170000 41.388512 
14.991000 28.846485 20.742000 41.388512 
17.164000 33.871340 22.337000 37.139558 
16.604000 33.871340 19.706000 37.139558 
19.285000 18.021538 17.856000 41.052890 
13.552000 18.021538 16.618000 41.052890 
9.055000 23.507576 19.740000 34.256722 
16.708000 23.507576 17.227000 34.256722 
13.384000 23.507576 16.077000 34.256722 
1.339000 23.352904 8.393000 329.471196 
8.549000 163.427235 24.037000 238.701233 
14.069000 163.427235 22.494000 238.701233 
18.780000 128.111764 19.931000 181.488465 
17.983000 128.111764 19.252000 181.488465 
16.748000 128.111764 19.252000 181.488465 
14.013000 99.800334 22.041000 141.521225 
13.900000 99.800334 15.376000 141.521225 
18.598000 78.291233 23.074000 113.675154 
10.385000 78.291233 19.065000 113.675154 
18.935000 53.421263 22.583000 91.301307 
18.431000 53.421263 21.996000 91.301307 
8.933000 43.228686 16.204000 70.846814 
19.467000 43.228686 22.648000 70.846814 
19.568000 35.451781 16.116000 65.189970 
9.176000 35.451781 16.926000 65.189970 
8.647000 29.898347 19.495000 61.332379 
13.835000 29.898347 22.306000 61.332379 
18.089000 36.440942 14.232000 56.532166 
12.621000 36.440942 21.842000 56.532166 
8.300000 31.835359 22.656000 55.546316 

