1.513 308.522 7.556 155.89
2.116 273.722 8.09 119.724
1.377 194.502 8.122 92.4457
1.814 140.001 7.579 71.8556
2.289 102.02 8.192 61.1056
2.134 74.9457 8.945 52.7045
2.047 56.0152 6.835 45.4767
2 42.7777 8.28 41.6892
1.848 33.3924 8.609 38.4154
1.151 26.2321 8.941 38.9255
17.671 38.2278 9.692 38.9011
1.414 18.8037 8.451 36.1574
1.104 16.3968 6.686 31.7505
1.044 14.749 6.592 30.0171
1.21 13.8035 6.114 27.4916
1.224 13.0394 6.213 29.2773
1.409 12.6798 6.801 29.456
7.724 18.6136 7.094 28.6525
2.076 12.6987 6.076 30.527
1.393 11.8289 28.165 52.9007
2.217 12.5221 25.632 54.737
1.287 11.5906 6.558 31.7315
1.984 12.1965 11.187 34.5384
1.255 11.4038 6.727 32.283
1.029 11.1331 8.875 34.9242
2.713 12.7859 6.537 30.3214
1.27 11.861 7.303 32.5321
1.276 11.6897 6.553 31.5034
2.915 13.2046 6.978 33.6833
1.098 11.3007 6.571 34.4647
2.13 12.2719 7.863 33.0446
1.49 11.5893 6.427 30.6541
1.077 308.147 13.956 330.915
1.57 219.519 8.092 238.003
1.422 156.986 7.016 173.534
2.106 114.001 9.646 130.709
2.012 83.3384 6.177 95.8408
2.011 61.9395 6.159 75.5236
1.522 46.4719 7.853 61.4182
2.21 36.675 8.182 55.3377
2.103 29.2285 8.374 45.913
2.018 24.0358 6.53 40.9373
1.947 20.3595 8.252 39.8671
10.074 25.9627 6.204 35.3846
1.626 15.7481 7.883 32.4794
1.215 14.1005 6.04 27.8775
1.171 13.1908 6.523 31.7092
2.92 14.3339 14.825 37.5554
1.11 12.0997 7.818 27.8393
1.386 12.0788 6.65 30.9549
1.075 11.56 9.934 31.8974
1.561 11.9005 6.382 28.4464
1.538 11.7756 11.895 33.3101
1.314 11.4803 6.513 26.0336
1.547 13.7934 7.853 28.8074
