11.861 22.6178 14.232 39.0217
1.513 12.2698 4.408 29.1977
1.468 11.9977 3.657 29.0798
2.43 12.9597 5.504 30.9268
2.164 12.5348 5.005 30.3009
1.722 12.0928 4.99 30.2859
2.665 12.9246 5.622 30.7992
2.484 12.7436 5.114 30.2912
1.375 11.5567 3.703 28.767
2.28 12.4617 5.182 30.246
2.146 13.2332 5.298 28.4228
2.168 13.2552 5.145 28.2698
2.474 13.235 9.141 32.2284
2.531 13.292 5.096 28.1834
1.62 12.1527 4.492 26.3532
1.341 11.8737 3.511 25.3722
2.487 12.8599 5.128 25.9808
2.535 12.9079 4.972 25.8248
2.21 27.21 3.809 53.809
2.087 22.587 5.177 46.207
2.191 22.691 5.916 46.946
1.794 19.144 4.817 40.378
1.769 19.119 4.979 40.54
2.027 17.172 5.248 37.3107
2.442 17.587 6.182 38.2447
1.909 15.5105 5.004 32.4579
2.042 15.6435 4.812 32.2659
1.373 13.8941 3.448 29.1157
2.049 14.5701 6.05 31.7177
1.186 12.9507 9.334 38.8214
1.958 13.7227 4.946 34.4334
1.951 13.1863 4.89 36.3012
