6.95299e-310 9.60635 6.95299e-310 28.7533
0.626 10.3504 3.098 29.8253
1.852 11.6591 2.726 26.8951
29.316 39.181 2.635 32.3634
0.867 43.7725 2.281 30.3809
0.867 54.8108 2.281 27.7109
0.867 41.6277 2.281 27.9419
0.867 32.3995 2.281 27.4737
0.867 25.9397 2.281 27.4459
0.867 21.4179 2.281 29.0764
0.867 18.2526 2.281 26.4678
0.867 16.0369 2.281 24.4317
0.867 14.486 2.281 22.9165
0.867 13.4003 2.281 25.7859
0.867 12.6403 2.281 28.9044
0.867 12.1083 2.281 33.6674
0.867 11.7359 2.281 31.8415
0.867 11.8652 2.281 31.9733
0.867 11.5658 2.281 28.6756
0.867 11.3561 2.281 26.9672
0.867 11.2094 2.281 25.5014
0.867 11.1067 2.281 25.6753
0.867 11.0348 2.281 27.207
0.867 10.9844 2.281 25.1592
0.867 11.3992 2.281 26.7257
0.867 11.2395 2.281 26.5923
0.867 11.1278 2.281 26.4389
0.867 11.0495 2.281 27.3215
0.867 10.9948 2.281 27.8794
0.867 10.8977 2.281 27.5468
0.867 10.8885 2.281 28.367
0.867 10.882 2.281 27.9212
0.867 10.8775 2.281 25.5992
0.867 10.8744 2.281 27.1237
0.867 10.8722 2.281 27.1409
0.867 10.8706 2.281 28.5929
0.867 10.8695 2.281 28.7393
0.867 10.8688 2.281 26.2918
0.867 10.8682 2.281 28.4486
0.867 10.8679 2.281 27.2283
0.867 10.8676 2.281 28.4441
0.867 10.8674 2.281 27.7052
0.867 10.8673 2.281 28.6879
0.867 10.8672 2.281 26.2259
0.867 10.8671 2.281 24.5024
0.867 10.8671 2.281 26.026
0.867 10.8671 2.281 24.9625
0.867 10.867 2.281 27.218
0.867 10.867 2.281 27.8369
0.867 10.867 2.281 25.3601
0.867 10.867 2.281 27.1064
0.867 10.867 2.281 28.0288
0.867 10.867 2.281 29.2744
0.867 10.867 2.281 26.9364
0.867 10.867 2.281 27.6398
0.867 10.867 2.281 26.0022
0.867 10.867 2.281 29.8958
0.867 10.867 2.281 26.8283
0.867 10.867 2.281 31.6141
0.867 10.867 2.281 28.8742
0.867 26.677 2.281 29.2662
0.867 23.014 2.281 30.2006
0.867 19.3699 2.281 28.0048
0.867 16.819 2.281 28.2676
0.867 15.0334 2.281 28.0916
0.867 13.7835 2.281 27.6984
0.867 12.9085 2.281 27.1232
0.867 12.2961 2.281 30.3505
0.867 11.8674 2.281 29.1297
0.867 11.5673 2.281 27.2251
0.867 11.3572 2.281 28.6519
0.867 11.2101 2.281 32.5906
0.867 11.1072 2.281 31.4177
0.867 11.2451 2.281 29.6967
0.867 11.1317 2.281 27.832
0.867 11.0523 2.281 28.6267
0.867 10.9967 2.281 28.343
0.867 10.9578 2.281 32.3744
0.867 10.9306 2.281 30.1864
0.867 10.9115 2.281 28.6248
0.867 10.8981 2.281 27.2316
0.867 10.8888 2.281 26.6164
0.867 10.8823 2.281 24.4758
0.867 10.8777 2.281 23.5774
0.867 10.8745 2.281 24.2985
0.867 10.8722 2.281 26.0332
0.867 10.8707 2.281 28.0276
0.867 10.8696 2.281 29.5436
0.867 10.8688 2.281 35.2848
0.867 10.8683 2.281 38.2237
0.867 10.8679 2.281 36.2309
0.867 10.8676 2.281 32.1959
0.867 10.8674 2.281 32.2814
0.867 10.8673 2.281 33.3013
0.867 10.8672 2.281 30.5952
0.867 10.8671 2.281 30.141
0.867 10.8671 2.281 29.343
0.867 10.8671 2.281 28.5744
0.867 10.8671 2.281 27.8864
0.867 10.867 2.281 28.5448
0.867 10.867 2.281 27.7456
0.867 10.867 2.281 25.8962
0.867 10.867 2.281 26.3117
0.867 10.867 2.281 25.0125
0.867 11.107 2.281 25.093
0.867 11.035 2.281 29.3494
0.867 10.9846 2.281 26.8089
0.867 10.9493 2.281 30.2805
0.867 10.9246 2.281 29.6207
0.867 10.9073 2.281 27.4188
0.867 10.8952 2.281 27.1074
0.867 10.8868 2.281 26.5295
0.867 11.7208 2.281 24.445
0.867 11.4647 2.281 26.1358
0.867 11.2854 2.281 24.2293
0.867 11.1599 2.281 27.0648
0.867 11.072 2.281 26.0497
0.867 11.0105 2.281 26.3591
0.867 10.9675 2.281 30.2657
0.867 10.9373 2.281 29.5503
0.867 10.9162 2.281 33.0695
0.867 30.3715 2.281 31.9929
0.867 24.5201 2.281 30.3994
0.867 20.4242 2.281 32.8538
0.867 17.557 2.281 32.202
0.867 15.55 2.281 29.5257
0.867 14.1451 2.281 29.8723
0.867 13.1617 2.281 29.2149
0.867 14.7833 2.281 30.9447
0.867 13.6084 2.281 28.4356
0.867 12.786 2.281 26.4392
0.867 12.2103 2.281 24.4718
0.867 11.8073 2.281 23.5745
0.867 11.5252 2.281 25.4365
0.867 11.3277 2.281 25.9598
0.867 11.1895 2.281 24.1362
0.867 11.0928 2.281 22.5896
0.867 11.025 2.281 27.147
0.867 10.9776 2.281 25.2672
0.867 10.9444 2.281 30.2814
0.867 10.9212 2.281 29.0213
0.867 10.9049 2.281 27.4792
0.867 10.8936 2.281 30.1797
0.867 10.8856 2.281 29.0701
0.867 10.88 2.281 27.1234
0.867 10.8761 2.281 27.1407
0.867 10.8734 2.281 30.5128
0.867 10.8715 2.281 32.7832
0.867 10.8701 2.281 31.5826
0.867 10.8692 2.281 29.0321
0.867 10.8685 2.281 29.3768
0.867 10.8681 2.281 28.748
0.867 12.3978 2.281 26.4179
0.867 11.9385 2.281 28.4468
0.867 11.6171 2.281 30.9471
0.867 11.392 2.281 27.7773
0.867 11.2345 2.281 29.5184
0.867 11.1243 2.281 27.1372
0.867 11.0471 2.281 26.2203
0.867 10.9931 2.281 24.7385
0.867 10.9552 2.281 24.0013
0.867 10.9288 2.281 28.4652
0.867 10.9102 2.281 26.2499
0.867 10.8973 2.281 29.6193
0.867 10.8882 2.281 29.2478
0.867 10.8818 2.281 29.7977
0.867 10.8774 2.281 29.5227
0.867 10.8743 2.281 27.5002
0.867 10.8721 2.281 29.8344
0.867 10.8706 2.281 32.7584
0.867 10.8695 2.281 31.7152
0.867 10.8687 2.281 31.4049
0.867 10.8682 2.281 28.7578
0.867 10.8679 2.281 27.7747
0.867 10.8676 2.281 30.4466
0.867 10.8674 2.281 31.8069
0.867 10.8673 2.281 28.8591
0.867 10.8672 2.281 27.9657
0.867 10.8671 2.281 25.9603
0.867 10.8671 2.281 31.2765
0.867 32.6171 2.281 322.578
0.867 26.092 2.281 232.519
0.867 21.5245 2.281 173.047
0.867 18.3273 2.281 131.538
0.867 16.0892 2.281 101.971
0.867 14.5225 2.281 81.8137
0.867 13.4259 2.281 66.8939
0.867 12.6582 2.281 53.03
0.867 12.1208 2.281 45.9653
0.867 11.7447 2.281 41.11
0.867 11.4814 2.281 37.2013
0.867 11.2971 2.281 35.4552
0.867 11.168 2.281 31.563
0.867 11.8877 2.281 32.3184
0.867 11.5815 2.281 32.6972
0.867 11.3672 2.281 30.5323
0.867 11.2171 2.281 27.7869
0.867 11.1121 2.281 28.5651
0.867 11.0386 2.281 30.6399
0.867 10.9871 2.281 31.2522
0.867 10.9511 2.281 32.3709
0.867 10.9258 2.281 30.7839
0.867 10.9082 2.281 29.913
0.867 10.8958 2.281 29.8434
0.867 10.8872 2.281 28.1747
0.867 10.8811 2.281 31.5066
0.867 10.8769 2.281 29.2789
0.867 10.8739 2.281 27.2095
0.867 10.8718 2.281 28.221
0.867 10.8704 2.281 27.639
0.867 11.8294 2.281 25.5216
0.867 11.5407 2.281 29.4394
0.867 11.3386 2.281 28.1919
0.867 11.1971 2.281 26.7186
0.867 11.0981 2.281 29.1973
0.867 11.0287 2.281 30.2124
0.867 10.9802 2.281 31.493
0.867 10.9463 2.281 38.0594
0.867 10.9225 2.281 35.0359
0.867 11.5058 2.281 30.9994
0.867 11.3142 2.281 30.5739
0.867 11.18 2.281 27.396
0.867 11.0861 2.281 29.3415
0.867 11.0204 2.281 28.3034
0.867 10.9744 2.281 26.5267
0.867 10.9422 2.281 29.903
0.867 10.9196 2.281 30.5864
0.867 10.9038 2.281 28.0648
0.867 10.8928 2.281 25.8196
0.867 10.885 2.281 32.048
0.867 10.8796 2.281 34.6079
0.867 10.8758 2.281 36.0699
0.867 10.8732 2.281 31.9332
0.867 10.8713 2.281 36.3575
0.867 10.87 2.281 33.8446
0.867 10.8691 2.281 30.5855
0.867 10.8685 2.281 30.6142
0.867 10.868 2.281 32.5242
0.867 10.8677 2.281 31.4012
0.867 10.8675 2.281 67.6652
0.867 34.8374 2.281 125.75
0.867 27.6462 2.281 97.5592
0.867 22.6125 2.281 81.9958
0.867 19.0888 2.281 63.9613
0.867 18.1823 2.281 57.2172
0.867 15.9877 2.281 48.3864
0.867 14.4515 2.281 41.4248
0.867 13.3761 2.281 40.0316
0.867 12.6234 2.281 37.8264
0.867 12.0965 2.281 33.7928
0.867 11.7276 2.281 32.7093
0.867 11.4694 2.281 32.1308
0.867 11.2887 2.281 31.6358
0.867 11.1622 2.281 30.1194
0.867 11.0736 2.281 29.4479
0.867 11.0116 2.281 26.9078
0.867 10.9683 2.281 28.5198
0.867 10.9379 2.281 31.5681
0.867 10.9166 2.281 28.302
0.867 11.2917 2.281 27.9057
0.867 11.1643 2.281 27.2983
0.867 11.0751 2.281 25.3131
0.867 10.969 2.281 28.2727
0.867 10.9384 2.281 27.2852
0.867 10.917 2.281 29.8639
0.867 11.472 2.281 30.4991
0.867 11.2905 2.281 34.4236
0.867 11.3734 2.281 35.4608
0.867 11.2215 2.281 37.8669
0.867 11.1152 2.281 37.9911
0.867 11.0407 2.281 35.7981
0.867 10.9886 2.281 35.313
0.867 10.9521 2.281 31.5534
0.867 10.9266 2.281 36.1517
0.867 10.9087 2.281 31.3905
0.867 10.8962 2.281 30.6076
0.867 10.8874 2.281 31.5896
0.867 10.8813 2.281 31.887
0.867 10.877 2.281 30.8652
0.867 10.874 2.281 30.72
0.867 10.8719 2.281 27.9183
0.867 10.8704 2.281 27.2171
0.867 10.8694 2.281 28.2263
0.867 10.8687 2.281 30.1027
0.867 10.8682 2.281 29.6162
0.867 10.8678 2.281 29.3956
0.867 10.8676 2.281 27.4712
0.867 10.8674 2.281 30.8342
0.867 10.8673 2.281 31.4182
0.867 10.8672 2.281 29.4271
0.867 10.8671 2.281 27.0432
0.867 10.8671 2.281 27.3846
0.867 10.8671 2.281 25.7935
0.867 10.867 2.281 26.7497
0.867 10.867 2.281 27.9591
0.867 10.867 2.281 28.6557
0.867 10.867 2.281 29.1433
0.867 10.867 2.281 32.0046
0.867 10.867 2.281 131.988
0.867 10.867 2.281 104.056
0.867 10.867 2.281 79.2232
0.867 11.017 2.281 64.3005
0.867 10.972 2.281 51.9347
0.867 11.0605 2.281 45.4086
0.867 11.0025 2.281 39.7303
0.867 10.9618 2.281 36.9255
0.867 10.9334 2.281 35.0522
0.867 10.9135 2.281 38.4208
0.867 10.8995 2.281 32.9789
0.867 14.5498 2.281 34.4195
0.867 13.4449 2.281 32.128
0.867 12.6716 2.281 33.5539
0.867 12.1302 2.281 33.502
0.867 11.7512 2.281 30.7957
0.867 11.936 2.281 30.5813
0.867 11.6153 2.281 29.2912
0.867 11.3908 2.281 29.5281
