10.222 25.122 18.87 52.2728 
7.785 25.122 22.896 52.2728 
13.628 27.1661 16.789 49.4541 
8.854 27.1661 22.332 49.4541 
18.788 20.6469 23.394 47.0307 
19.167 20.6469 21.212 47.0307 
18.001 29.8679 22.712 49.8445 
16.743 29.8679 20.919 49.8445 
18.704 25.9366 22.611 50.3088 
8.891 25.9366 22.876 50.3088 
18.894 29.0645 19.35 46.1687 
18.607 29.0645 21.458 46.1687 
15.422 29.4083 22.427 45.9732 
8.744 29.4083 23.034 45.9732 
8.956 28.6419 21.727 46.0802 
16.554 28.6419 24.354 46.0802 
10.313 28.7399 22.622 44.2021 
18.79 28.7399 22.736 44.2021 
18.79 28.7399 22.736 44.2021 
18.739 28.8831 22.486 42.7636 
18.832 28.8831 22.002 42.7636 
18.616 18.7171 23.327 43.8963 
8.183 18.7171 22.535 43.8963 
17.169 28.2136 21.767 42.499 
8.525 28.2136 22.185 42.499 
24.41 26.4689 22.101 43.6162 
8.837 26.4689 19.265 43.6162 
18.116 28.6913 22.189 43.4305 
11.431 28.6913 19.077 43.4305 
8.369 21.4466 22.059 46.2438 
18.711 21.4466 21.653 46.2438 
9.12 28.3949 21.72 47.7531 
8.704 28.3949 22.408 47.7531 
18.87 18.7957 20.631 47.7001 
