17.216 28.8601 37.264 62.1297
10.976 22.6201 33.065 57.9307
7.791 18.9419 29.37 50.766
9.361 20.5119 31.264 52.66
11.69 22.4956 33.143 53.2502
8.193 18.9986 29.379 49.4862
12.874 23.4379 33.901 52.236
11.839 22.4029 33.729 52.064
7.841 18.2357 30.017 51.1915
10.009 20.4037 32.402 53.5765
12.125 22.4013 34.292 54.9342
8.518 18.7943 31.023 51.6652
10.451 20.6444 33.408 52.7775
12.495 22.6884 34.617 53.9865
9.249 19.3844 30.82 48.5787
10.852 20.9874 33.206 50.9647
8.213 18.3078 28.899 50.2401
8.766 18.8608 30.771 52.1121
11.551 21.6173 32.565 52.2437
8.167 18.2333 30.341 50.0197
10.793 20.8394 42.155 60.1001
10.105 20.1514 30.636 48.5811
11.82 21.8664 33.798 51.7431
8.185 18.2175 30.589 343.151
10.943 20.9658 32.749 259.912
7.483 17.5058 29.052 256.215
9.106 19.1219 31.119 195.983
11.342 21.3579 33.493 198.357
12.067 22.0782 34.087 154.892
8.094 18.1052 46.384 167.189
10.162 20.1698 20.867 110.59
11.552 21.5598 33.265 122.988
7.18 17.1855 36.475 104.321
10.052 20.0575 31.819 99.6654
11.393 21.3968 33.228 86.7205
7.704 17.7078 29.408 82.9005
9.384 19.3867 32.19 73.7147
10.8 20.8027 33.464 74.9887
8.376 18.3779 29.894 63.1013
10.009 20.0109 31.885 65.0923
11.078 21.0793 33.789 62.3141
7.066 17.0673 29.319 57.8441
9.736 19.7369 31.572 58.3496
11.482 21.4829 33.298 60.0756
7.406 17.4066 32.153 56.0273
9.524 19.5246 31.415 55.2893
11.428 21.4285 33.298 56.79
7.082 17.0825 29.534 53.026
9.643 19.6433 31.526 55.8604
12.551 22.5513 33.731 58.0654
7.687 17.6872 30.254 52.1181
10.156 20.1562 32.261 54.1251
11.911 21.9112 33.449 54.3039
7.923 17.9232 30.396 51.2509
9.628 19.6281 31.441 50.5994
11.376 21.3761 34.832 53.9904
7.742 17.7421 30.073 51.3439
10.026 20.0261 30.964 52.2349
10.714 20.7141 32.671 53.3206
6.897 16.8971 34.859 55.5086
8.82 18.82 40.586 59.4807
10.37 20.37 33.141 52.0357
8.475 18.475 29.591 47.6173
9.367 19.367 31.694 49.7203
11.727 21.727 33.732 53.0404
7.951 17.951 30.933 50.2414
10.683 20.683 32.389 51.0349
11.866 21.866 45.628 64.2739
9.163 19.163 30.21 48.0621
11.016 21.016 32.704 50.5561
22.596 32.596 34.292 54.7985
9.209 19.209 30.421 50.9275
10.432 20.432 33.976 55.1105
8.953 18.953 29.351 50.4855
9.283 19.283 32.005 51.2092
11.629 21.629 33.505 52.7092
8.304 18.304 30.413 50.4559
10.009 20.009 43.423 63.4659
13.072 23.072 34.439 53.449
11.075 21.075 31.243 50.253
10.934 20.934 44.684 62.851
6.7 16.7 40.162 58.329
20.786 30.786 32.559 67.2059
7.194 17.194 29.964 64.6109
