6.95302e-310 9.84379 6.95302e-310 37.3787
8.855 18.7457 22.364 53.6891
8.844 18.7675 22.166 50.5736
19.38 29.3264 19.605 45.9703
14.414 24.3765 33.75 58.9257
15.838 25.8117 14.341 38.684
15.177 25.1586 24.951 46.7011
11.104 21.0911 22.37 43.0851
8.704 18.695 16.501 35.6215
8.562 18.5557 20.551 41.1954
8.634 18.6296 22.259 41.6301
9.46 19.4569 40.536 60.0957
8.873 18.8708 23.363 42.0348
8.848 18.8465 21.878 41.0683
8.716 18.7149 22.726 41.0492
19.726 29.7253 19.737 46.2132
8.739 18.7385 15.504 41.2374
9.42 19.4196 22.162 46.2654
8.314 18.3137 19.298 45.1103
14.021 24.0208 20.393 46.4116
17.607 27.6069 20.755 45.6281
18.354 28.3539 24.919 47.1901
26.887 36.8869 13.6 36.1498
9.669 19.669 19.262 45.7569
19.863 29.863 18.009 42.6754
18.523 28.523 15.784 39.3805
13.907 23.907 22.988 45.6855
8.638 18.638 22.131 42.6093
18.668 28.668 22.82 43.9348
13.553 23.553 17.373 37.9134
18.642 28.642 21.043 40.0412
9.616 19.616 22.753 43.6718
8.749 18.749 19.867 41.1701
8.8 18.8 22.754 46.1862
8.872 18.872 22.145 47.6975
8.442 18.442 22.415 46.6618
11.252 21.522 19.414 41.7567
16.696 26.885 22.874 47.1239
7.925 18.0573 20.445 45.6999
14.282 24.3746 15.581 38.3295
10.258 20.3228 19.362 42.9059
