10.259 23.9799 32.77 55.0239
12.073 25.7939 33.945 56.1989
8.752 21.3567 30.489 53.4767
10.001 22.6057 32.551 55.5387
7.029 18.8523 29.064 51.0954
8.978 20.8013 30.777 52.8084
10.638 21.9143 32.926 58.938
7.092 18.3683 29.047 55.059
9.5 20.3934 31.575 55.6034
10.678 21.5714 33.185 57.2134
7.388 18.0134 30.004 56.3639
9.664 20.2894 31.875 58.2349
11.317 21.7548 32.891 58.2729
7.555 17.9928 30.056 55.4379
9.553 19.8594 31.238 56.7153
10.877 21.1834 33.053 58.5303
6.47 16.6845 40.196 66.7901
8.772 18.9865 31.075 57.6691
10.534 20.6842 32.177 55.9529
6.823 16.9732 28.654 52.4299
9.336 19.4411 31.129 55.6021
10.502 20.6071 32.788 57.2611
7.188 17.2616 29.071 53.1322
8.93 19.0036 31.773 55.8342
7.569 44.6205 29.99 76.6828
9.461 46.5125 31.821 78.5138
11.611 81.3471 33.76 75.055
11.488 81.2241 39.837 81.132
