0.643 25.643 36.65 86.65
0.474 20.974 1.416 41.606
1.149 21.649 2.041 42.231
0.592 17.942 1.509 36.752
0.635 17.985 1.541 36.784
0.591 15.736 3.492 33.6521
0.617 15.762 1.997 32.1571
0.969 14.5705 6.685 33.3471
4.316 17.9175 17.751 44.4131
1.105 13.6261 1.849 31.5224
0.866 13.3871 1.729 31.4024
0.627 12.3917 1.443 28.7544
0.767 12.5317 1.626 28.9374
0.668 11.9033 1.515 27.983
0.68 11.9153 1.51 27.978
0.623 11.4877 1.863 27.0506
0.603 11.4677 1.447 26.6346
0.69 11.2953 1.475 27.3863
0.492 11.0973 1.207 27.1183
0.586 11.0097 2.859 29.0069
1.222 11.6457 3.848 29.9959
1.941 12.2376 4.619 33.7825
1.618 11.9146 4.013 33.1765
1.689 11.8966 4.188 29.5225
1.318 11.5256 4.214 29.5485
1.349 11.4943 3.59 29.3641
0.776 10.9213 5.361 31.1351
1.664 11.7657 4.508 31.7299
1.544 11.6457 4.219 31.4409
1.661 11.7322 3.928 28.6233
0.984 11.0552 3.651 28.3463
1.183 11.2328 3.527 27.1437
1.26 11.3098 3.817 27.4337
1.702 11.7369 3.876 29.2877
0.718 10.7529 1.54 26.9517
1.396 11.4204 3.413 27.0512
1.35 11.3744 4.653 28.2912
0.631 10.6481 1.517 24.6937
1.162 11.1791 1.95 25.1267
1.732 11.744 2.929 34.1827
1.008 11.02 9.295 40.5487
1.673 11.6814 3.003 30.0406
1.564 11.5724 2.196 29.2336
0.477 10.4829 1.85 26.1463
0.821 10.8269 1.77 26.0663
1.589 11.5931 2.38 26.3174
0.425 10.4291 1.498 25.4354
16.702 26.7049 27.272 50.5382
0.679 10.6819 4.168 27.4342
1.555 11.557 2.605 24.5313
1.073 11.075 1.807 23.7333
1.155 11.1564 1.971 26.6494
0.561 10.5624 1.423 26.1014
0.542 10.543 1.479 28.5339
1.137 11.138 2.535 29.5899
1.294 11.2947 2.028 27.8964
0.637 10.6377 1.533 27.4014
0.769 10.7695 2.134 25.8519
0.605 10.6055 1.518 25.2359
0.73 10.7303 1.608 33.7505
0.582 10.5823 1.413 33.5555
2.305 12.3052 3.537 32.4268
1.168 11.1682 2 30.8898
1.812 11.8122 2.5 29.1428
0.553 10.5532 1.365 28.0078
0.624 10.6241 1.438 25.368
1.127 11.1271 2.434 26.364
0.636 10.6361 1.48 26.991
0.688 10.6881 1.699 27.21
0.696 10.6961 1.517 30.6847
1.026 11.0261 1.679 30.8467
0.738 10.738 1.541 27.3884
0.446 10.446 1.467 27.3144
0.651 10.651 1.47 27.3174
0.788 24.048 1.629 67.1222
1.163 24.423 9.707 75.2002
0.766 24.026 1.607 67.1002
0.783 317.065 1.638 347.483
0.63 316.912 4.022 349.867
3.433 524.83 7.984 254.756
0.932 522.329 2.001 248.773
1.181 369.159 2.653 179.773
0.462 368.44 1.514 178.634
0.454 261.039 1.248 129.642
1.605 262.19 3.069 131.463
0.552 185.961 1.319 97.7349
0.593 186.002 1.496 97.9119
1.053 133.84 1.908 73.7491
0.692 133.479 3.425 75.2661
0.577 96.5276 1.323 55.6918
1.066 97.0166 1.922 56.2908
0.555 70.7204 1.509 45.3871
0.609 70.7744 1.369 45.2471
0.499 52.6148 1.367 38.8017
1.089 53.2048 1.81 39.2447
1.533 41.014 2.234 35.1583
0.836 40.317 2.451 35.3753
0.528 31.1647 1.862 30.309
0.641 31.2777 1.508 29.955
0.678 25.1237 1.608 27.1609
0.624 25.0697 1.458 27.0109
0.665 20.777 1.671 25.978
0.658 20.77 2.926 27.233
4.518 21.5964 6.826 29.3009
0.578 17.6564 3.731 26.2059
1.925 16.8799 4.585 25.1774
0.603 15.5579 1.53 22.1224
0.4 13.8684 1.21 22.7647
0.446 13.9144 1.287 22.8417
1.337 13.7649 3.712 23.1803
0.459 12.8869 1.228 20.6963
0.418 12.1175 31.147 49.0048
0.539 12.2385 1.677 19.5348
0.916 12.1057 3.456 22.8265
0.547 11.7367 9.905 29.2755
1.528 12.3608 4.069 23.0583
2.044 12.8768 4.842 23.8313
0.507 11.0899 1.337 19.8795
2.874 13.4569 3.694 22.2365
1.304 11.7121 2.292 21.7518
0.796 11.2041 2.258 21.7178
0.557 10.8426 1.861 23.0128
0.872 11.1576 1.558 22.7098
1.028 11.2279 15.614 34.9203
10.051 20.2509 11.579 30.8853
0.521 10.661 1.597 20.3014
0.623 10.763 1.485 20.1894
5.854 15.952 5.877 25.2701
2.496 12.594 4.095 23.4881
5.809 15.8776 5.814 28.5992
0.537 10.6056 1.989 24.7742
2.747 12.795 11.545 34.3346
0.612 10.66 2.264 25.0536
0.539 10.5726 1.372 24.7947
0.974 11.0076 1.875 25.2977
12.16 22.1835 13.807 35.1829
0.909 10.9325 7.56 28.9359
0.567 10.5835 1.493 22.0961
0.734 10.7505 1.617 22.2201
0.6 10.6115 1.544 20.2262
2.957 12.9685 6.856 25.5382
1.122 11.1301 2.176 23.5035
1.099 11.1071 2.918 24.2455
2.528 12.5336 2.571 22.4203
0.493 10.4986 1.213 21.0623
1.114 11.118 1.914 21.3585
4.188 14.192 7.424 26.8685
0.783 10.7858 2.1 21.2311
0.627 10.6298 1.593 20.7241
0.953 10.9549 2.074 23.5958
9.906 19.9079 11.952 33.4738
0.914 10.9154 1.447 22.0023
2.211 12.2124 4.823 25.3783
0.729 10.7299 1.632 22.1407
0.745 10.7459 1.832 22.3407
0.842 10.8427 1.936 23.2221
0.999 10.9997 2.411 23.6971
1.614 11.6145 2.544 24.6743
9.908 19.9085 12.362 34.4923
0.628 10.6283 1.674 23.9152
0.575 10.5753 1.517 23.7582
0.803 10.8032 1.589 24.6278
0.515 10.5152 1.231 24.2698
1.597 11.5972 5.84 28.4772
1.233 11.2332 2.431 25.0682
12.62 22.6201 13.527 36.153
0.686 10.6861 1.548 24.174
0.581 10.5811 14.531 35.9792
2.248 12.2481 15.061 36.5092
0.812 10.8121 1.639 20.9728
0.423 10.4231 1.104 20.4378
0.549 10.549 1.271 20.7446
1.082 11.082 3.559 23.0326
0.724 10.724 2.653 21.5345
5.215 15.215 7.37 26.2515
0.435 10.435 1.737 20.9241
0.523 10.523 5.325 24.5121
1.095 11.095 3.879 22.59
1.002 11.002 1.705 20.416
1.814 11.814 4.509 22.6167
12.634 22.634 28.326 46.4337
13.741 23.741 15.631 32.5664
1.542 11.542 4.589 21.5244
1.512 11.512 5.1 23.3748
1.663 11.663 4.596 22.8708
1.874 11.874 4.303 22.9153
1.401 11.401 5.511 24.1233
1.864 11.864 5.769 23.9576
6.704 16.704 9.3 27.4886
4.846 14.846 6.693 31.785
3.787 13.787 6.455 31.547
0.653 10.653 1.414 25.8184
5.005 15.005 7.843 32.2474
1.814 11.814 5.528 29.8411
1.281 11.281 3.893 28.2061
5.038 36.458 6.139 28.2882
6.061 37.481 19.129 41.2782
3.227 28.221 3.893 26.1774
1.567 26.561 2.332 24.6164
16.691 37.1868 18.588 38.3871
0.78 21.2758 5.379 25.1781
6.236 23.5831 6.878 25.6874
0.505 17.8521 1.76 20.5694
1.87 17.0129 4.651 23.4276
4.657 19.7999 5.475 24.2516
0.62 14.2201 1.305 21.1386
6.597 20.1971 7.602 27.4356
45.735 58.255 46.845 65.4385
1.111 13.631 1.968 20.5615
8.539 20.303 25.613 43.1585
11.078 22.842 12.96 30.5055
1.427 12.6618 3.568 21.6098
1.751 12.9858 2.704 20.7458
0.47 11.3344 1.937 19.0363
0.676 11.5404 1.399 18.4983
1.581 12.1861 2.306 19.4955
2.923 13.5281 4.261 21.4505
1.135 11.5585 2.963 19.7056
10.628 21.0515 11.298 28.0406
0.565 10.8615 2.994 19.0039
1.1 11.3965 2.052 18.0619
0.939 11.1465 2.833 18.4499
0.552 10.7595 1.372 16.9889
0.575 10.7203 1.352 19.4238
0.478 10.6233 2.077 20.1488
1.199 11.3007 2.478 22.3883
1.12 11.2217 2.618 22.5283
1.102 11.1732 1.865 21.4122
1.269 11.3402 1.899 21.4462
8.521 18.5708 9.879 28.872
0.593 10.6428 1.959 20.952
3.274 13.3089 6.161 25.9961
0.78 10.8149 2.419 22.2541
0.735 10.7594 1.648 22.1626
0.573 10.5974 1.315 21.8296
0.522 10.5391 1.334 20.1042
0.657 10.6741 1.54 20.3102
0.603 10.615 1.822 22.4611
0.546 10.558 1.756 22.3951
0.576 10.5844 1.482 20.3694
3.984 13.9924 11.486 30.3734
0.53 10.5359 1.383 19.6142
0.525 10.5309 3.037 21.2682
0.976 10.9801 1.538 18.6198
3.342 13.3461 4.458 21.5398
0.615 10.6179 1.315 21.0423
0.725 10.7279 1.719 21.4463
1.111 11.113 2.941 21.6701
9.174 19.176 12.571 31.3001
0.545 10.5464 1.222 19.5524
0.659 10.6604 1.439 19.7694
0.604 10.605 1.472 21.1433
1.423 11.424 2.195 21.8663
1.122 11.1227 1.83 23.7299
7.013 17.0137 9.596 31.4959
0.562 10.5625 1.417 22.6269
12.898 22.8985 15.54 36.7499
0.555 10.5553 1.307 23.9539
0.395 10.3953 1.511 24.1579
2.784 12.7842 3.893 25.3259
0.451 10.4512 1.315 22.7479
0.459 10.4592 1.318 22.081
0.756 10.7562 1.678 22.441
1.09 11.0901 2.072 20.5061
0.473 10.4731 1.327 19.7611
1.018 11.0181 1.947 20.6109
0.548 10.5481 2.584 21.2479
0.488 10.4881 1.511 22.4657
1.659 11.6591 2.441 23.3957
0.424 10.424 1.126 21.1643
0.768 10.768 1.625 21.6633
0.387 10.387 1.084 20.2708
0.438 10.438 1.3 20.4868
0.886 10.886 3.277 23.8178
0.539 10.539 1.31 21.8508
0.95 10.95 1.834 21.4325
0.511 10.511 1.464 21.0625
0.628 10.628 11.792 29.951
1.923 11.923 6.696 24.855
0.531 10.531 1.688 20.0993
1.808 11.808 4.876 23.2873
1.585 11.585 5.47 24.8679
2.648 12.648 4.959 24.3569
1.573 11.573 23.646 41.6045
5.267 15.267 13.883 31.8415
6.785 16.785 11.148 28.399
1.477 11.477 4.756 22.007
1.498 11.498 3.899 21.0147
1.976 11.976 5.096 22.2117
1.71 11.71 4.694 23.035
1.35 11.35 3.035 21.376
1.521 11.521 4.524 23.0027
0.973 10.973 4.627 23.1057
0.546 10.546 1.621 18.8461
0.49 10.49 1.204 18.4291
1.366 11.366 2.004 20.1216
1.539 11.539 2.543 20.6606
2.162 12.162 5.899 26.8913
1.105 11.105 2.276 23.2683
0.635 10.635 2.52 24.0846
0.485 10.485 1.425 22.9896
1.605 11.605 2.357 21.5022
0.527 10.527 2.032 21.1772
1.575 11.575 4.511 24.1827
5.822 15.822 9.807 29.4787
0.742 10.742 1.563 19.5932
1.576 11.576 4.949 22.9792
15.72 25.72 15.734 32.4051
3.068 13.068 8.334 25.0051
0.541 10.541 1.405 19.0448
1.657 11.657 2.581 20.2208
0.608 10.608 1.651 20.2088
0.485 10.485 2.497 21.0548
1.759 11.759 3.947 21.0775
2.657 12.657 3.472 20.6025
0.504 61.804 1.211 17.9423
0.536 61.836 1.355 18.0863
0.524 46.434 1.265 19.5769
0.728 46.638 1.542 19.8539
1.117 36.254 1.952 20.5304
0.527 35.664 3.899 22.4774
0.592 28.1879 1.391 21.4759
0.59 28.1859 1.82 21.9049
0.519 22.8361 1.403 20.7124
1.253 23.5701 2.414 21.7234
4.338 22.96 8.509 27.1856
7.37 25.992 13.253 31.9296
0.55 16.5854 1.373 19.9666
0.568 16.6034 1.407 20.0006
0.522 14.7468 1.288 20.7835
0.604 14.8288 1.339 20.8345
0.741 13.6983 1.62 19.6469
0.493 13.4503 1.293 19.3199
0.613 12.6831 1.57 19.0788
0.562 12.6321 1.241 18.7498
1.07 12.5191 3.352 22.2082
0.769 12.2181 1.617 20.4732
1.154 12.1684 3.145 24.2643
1.213 12.2274 1.97 23.0893
0.927 11.6371 10.572 30.6055
0.831 11.5411 1.566 21.5995
2.186 12.683 13.475 32.3285
0.626 11.123 1.35 20.2035
0.495 10.8429 1.978 19.4354
1.064 11.4119 2.323 19.7804
0.911 11.1545 1.795 18.8452
1.008 11.2515 1.778 18.8282
0.535 10.7055 1.633 17.9781
0.827 10.9975 1.561 17.9061
1.048 11.1673 1.642 18.8736
2.018 12.1373 7.367 24.5986
3.75 13.8335 7.031 27.3731
1.258 11.3415 2.91 23.2521
3.856 13.9145 8.752 28.3915
9.233 19.2915 12.652 32.2915
2.087 12.1279 5.455 25.1726
1.436 11.4769 5.136 24.8536
1.518 11.5467 4.115 25.3573
2.791 12.8197 7.484 28.7263
1.723 11.7431 6.288 26.6176
2.561 12.5811 4.98 25.3096
6.113 16.127 10.619 30.6398
1.619 11.633 4.349 24.3698
7.125 17.1348 15.28 36.0745
0.636 10.6458 2.459 23.2535
1.314 11.3209 6.038 26.1442
3.348 13.3549 13.697 33.8032
1.544 11.5488 4.474 23.0183
1.619 11.6238 3.556 22.1003
1.427 11.4304 8.773 27.184
1.028 11.0314 1.969 20.38
25.214 35.2164 27.199 45.5167
2.326 12.3284 3.965 22.2827
1.334 11.3357 16.211 33.3834
3.198 13.1997 4.244 21.4164
1.215 11.2162 2.003 18.3437
4.439 14.4402 10.208 26.5487
0.852 10.8528 1.265 19.3335
0.687 10.6878 1.638 19.7065
1.402 11.4026 2.383 20.1009
1.281 11.2816 5.18 22.8979
0.764 10.7644 1.5 20.4426
11.201 21.2014 26.698 45.6406
1.318 11.3183 4.228 22.8278
2.078 12.0783 3.241 21.8408
22.703 32.7032 30.048 49.2779
1.089 11.0892 1.876 21.1059
1.096 11.0961 3.024 20.9249
8.113 18.1131 14.738 32.6389
1.726 11.7261 3.514 21.7146
21.149 31.1491 28.859 47.0596
0.579 10.5791 1.343 23.2034
1.116 11.1161 2.744 24.6044
2.629 12.629 4.232 24.8143
0.564 10.564 1.275 21.8573
6.104 16.104 7.029 26.3266
0.583 10.583 1.537 20.8346
1.286 11.286 4.777 23.1753
0.614 10.614 2.118 20.5163
1.14 11.14 3.9 22.8688
1.097 11.097 4.016 22.9848
0.589 10.589 2.031 20.8292
0.561 10.561 1.246 20.0442
0.898 10.898 2.188 21.8867
5.12 15.12 6.609 26.3077
0.517 10.517 2.203 20.4021
0.735 10.735 1.53 19.7291
1.048 11.048 1.79 18.9694
1.534 11.534 2.737 19.9164
4.181 14.181 4.978 23.6636
27.676 37.676 31.112 49.7976
0.469 10.469 1.342 18.6819
1.071 11.071 1.9 19.2399
1.735 11.735 2.397 18.9449
3.184 13.184 3.868 20.4159
1.473 11.473 3.609 20.1425
1.039 11.039 1.939 18.4725
1.011 11.011 1.716 19.0495
4.514 14.514 5.371 22.7045
1.251 11.251 2.001 19.5044
0.577 10.577 1.495 18.9984
0.818 10.818 1.457 18.8994
1.478 11.478 3.983 21.4254
1.176 11.176 19.596 40.1457
0.899 10.899 2.776 23.3257
1.133 11.133 1.872 20.5168
0.593 10.593 1.638 20.2828
0.784 10.784 1.703 21.0243
0.858 10.858 2.746 22.0673
0.918 10.918 1.656 21.3909
0.538 10.538 2.171 21.9059
0.842 10.842 2.726 22.9605
0.48 10.48 1.215 21.4495
0.628 20.348 1.975 24.2391
0.57 20.29 1.865 24.1291
0.508 66.212 1.534 21.5589
0.715 66.419 1.642 21.6669
0.73 49.7228 1.941 21.4484
0.457 49.4498 17.802 37.3094
21.498 58.793 25.527 44.6722
0.687 37.982 5.184 24.3292
2.18 31.2865 2.962 22.1836
0.396 29.5025 1.474 20.6956
0.431 23.8055 1.268 20.6631
0.923 24.2975 1.806 21.2011
0.565 19.9272 3.782 22.1286
1.265 20.6272 8.779 27.1256
1.345 17.8985 7.83 25.5026
2.415 18.9685 5.292 22.9646
1.077 15.6645 2.962 21.7528
0.496 15.0835 2.065 20.8558
1.367 14.5782 3.735 21.5386
2.405 15.6162 5.248 23.0516
1.38 13.6279 9.829 27.6915
1.494 13.7419 4.171 22.0335
1.767 13.3405 3.689 21.8028
1.065 12.6385 6.8 24.9138
1.36 12.4614 3.844 21.1436
2.842 13.9434 5.731 23.0306
1.662 12.433 3.788 19.9777
1.647 12.418 2.331 18.5207
7.16 17.6997 7.844 26.0168
0.55 11.0897 1.347 19.5198
1.765 12.1428 4.805 21.816
0.511 10.8888 1.377 18.388
1.468 11.7325 2.324 19.1817
0.932 11.1965 1.899 18.7567
14.144 24.3291 14.13 30.7904
1.638 11.8231 2.743 19.4034
0.891 11.0206 13.783 31.6553
1.094 11.2236 2.596 20.4683
15.508 25.5987 17.938 36.0286
0.563 10.6537 1.431 19.5216
14.197 24.2605 22.98 40.8034
0.539 10.6025 1.545 19.3684
1.583 11.6274 3.8 22.6064
9.141 19.1854 9.21 28.0164
0.499 10.5301 1.515 19.2995
0.597 10.6281 1.977 19.7615
2.1 12.1218 2.87 20.0291
0.549 10.5708 1.912 19.0711
1.429 11.4442 2.15 18.6914
0.695 10.7102 2.601 19.1424
0.515 10.5257 1.353 20.612
0.682 10.6927 1.503 20.762
0.474 10.4815 1.774 19.5753
0.53 10.5375 1.474 19.2753
0.614 10.6192 2.587 19.5779
0.721 10.7262 2.604 19.5949
0.636 10.6397 1.456 18.3596
0.56 10.5637 5.84 22.7436
0.514 10.5166 1.225 17.8875
0.497 10.4996 3.45 20.1125
0.957 10.9588 1.452 18.1858
7.877 17.8788 14.596 31.3298
1.282 11.2833 3.34 21.9836
0.738 10.7393 1.529 20.1726
2.179 12.1799 3.192 22.9325
0.877 10.8779 2.102 21.8425
0.784 10.7846 1.808 21.4164
0.838 10.8386 1.697 21.3054
7.123 17.1234 23.937 42.4929
0.64 10.6404 2.047 20.6029
0.737 10.7373 1.558 20.3971
0.613 10.6133 1.372 20.2111
0.56 10.5602 1.366 18.9634
0.643 10.6432 1.354 18.9514
0.502 10.5021 1.39 18.6582
2.116 12.1161 4.539 21.8072
1.086 11.0861 3.06 20.6377
0.422 10.4221 1.216 18.7937
1.089 11.0891 5.88 23.3444
0.488 10.4881 2.173 19.6374
1.521 11.5211 3.92 22.7751
2.101 12.1011 4.795 23.6501
4.255 14.255 18.525 37.0336
1.547 11.547 4.293 22.8016
2.587 12.587 7.287 26.003
2.867 12.867 8.269 26.985
8.527 18.527 10.838 29.8492
0.781 10.781 3.149 22.1602
1.56 11.56 3.96 22.5778
1.952 11.952 9.498 28.1158
1.47 11.47 6.118 23.7705
15.442 25.442 18.333 35.9855
2.225 12.225 4.225 23.3017
3.172 13.172 6.286 25.3627
6.324 16.324 8.253 25.6867
2.001 12.001 3.126 20.5597
1.411 11.411 2.964 19.6076
1.454 11.454 3.414 20.0576
1.395 11.395 2.636 20.8865
1.341 11.341 3.851 22.1015
1.467 11.467 3.294 22.0094
4.648 14.648 6.027 24.7424
1.172 11.172 4.275 21.8158
2.161 12.161 5.77 23.3108
1.572 11.572 3.8 23.5185
1.493 11.493 3.029 22.7475
3.411 13.411 7.807 27.25
2.595 12.595 3.802 23.245
1.169 11.169 2.033 21.8231
0.962 10.962 1.876 21.6661
2.11 12.11 3.999 24.4521
0.59 10.59 2.513 22.9661
0.467 10.467 1.322 20.3191
0.447 10.447 1.142 20.1391
10.329 20.329 11.146 29.994
1.017 11.017 1.934 20.782
0.922 10.922 1.715 20.2786
0.696 10.696 2.32 20.8836
0.543 10.543 1.323 23.6775
4.515 14.515 4.534 26.8885
4.763 14.763 8.141 30.3592
1.151 11.151 2.071 24.2892
0.458 10.458 1.327 23.0597
1.351 11.351 2.8 24.5327
1.374 11.374 11.109 30.5219
7.866 17.866 8.76 28.1729
1.152 11.152 1.963 21.402
7.227 17.227 8.435 27.874
1.302 11.302 2.282 20.3893
1.235 11.235 2.322 20.4293
1.303 11.303 2.218 20.6531
1.202 11.202 3.004 21.4391
0.735 10.735 1.629 19.1236
1.136 11.136 1.85 19.3446
0.516 10.516 1.158 17.5742
0.623 10.623 2.217 18.6332
6.263 16.263 7.251 24.0523
0.531 10.531 1.816 18.6173
0.694 10.694 1.521 18.2019
0.665 10.665 1.545 18.2259
1.224 11.224 1.934 17.9307
0.72 10.72 1.415 17.4117
0.495 10.495 1.369 16.8867
0.929 10.929 1.867 17.3847
0.713 10.713 1.372 21.6844
0.482 10.482 2.115 22.4274
1.201 11.201 2.951 22.8397
0.466 10.466 1.31 21.1987
5.971 15.971 22.993 43.0351
2.594 12.594 2.598 22.6401
1.157 11.157 1.852 20.9814
0.633 10.633 1.52 20.6494
1.049 11.049 2.994 22.9846
0.533 10.533 1.778 21.7686
0.641 10.641 1.503 20.0564
0.544 10.544 1.757 20.3104
0.48 10.48 2.173 21.7904
0.587 10.587 2.566 22.1834
0.972 10.972 2.264 20.7662
0.98 10.98 1.875 20.3772
1.094 11.094 3.826 21.6075
0.548 10.548 1.39 19.1715
0.493 10.493 1.23 21.2071
1.263 11.263 2.035 22.0121
0.498 10.498 1.375 23.2789
1.129 11.129 2.224 24.1279
0.97 10.97 2.926 22.7288
0.749 10.749 1.652 21.4548
0.887 10.887 1.843 21.0749
0.553 10.553 1.877 21.1089
0.91 10.91 2.741 21.6334
0.942 10.942 1.877 20.7694
3.268 13.268 6.275 25.1396
4.23 14.23 13.12 31.9846
1.243 11.243 2.581 20.3463
