1.496000 9.253300 1.629000 20.265003 
1.081000 9.253300 6.302000 20.265003 
5.838000 10.296510 1.879000 27.594501 
1.628000 10.296510 4.714000 27.594501 
11.554000 9.940457 4.932000 19.561152 
0.902000 9.940457 2.143000 19.561152 
1.171000 13.292520 3.105000 23.931406 
9.246000 13.292520 1.707000 23.931406 
0.612000 10.955464 2.366000 22.918284 
1.459000 10.955464 17.476000 22.918284 
0.780000 10.374525 8.853000 22.792598 
2.057000 10.374525 3.430000 22.792598 
0.635000 10.548267 1.548000 24.685019 
0.997000 10.548267 7.659000 24.685019 
0.775000 45.030587 1.959000 23.953914 
0.899000 45.030587 7.281000 23.953914 
4.385000 11.662111 3.524000 22.285839 
0.967000 11.662111 1.937000 22.285839 
2.768000 10.661178 2.806000 23.533288 
0.980000 10.661178 2.662000 23.533288 
3.263000 10.779524 16.219000 20.540402 
0.862000 10.779524 3.615000 20.540402 
10.746000 36.109767 2.857000 18.520981 
1.177000 36.109767 17.629000 18.520981 
0.922000 14.590737 2.367000 40.001287 
1.149000 14.590737 4.875000 40.001287 
0.951000 10.694716 2.809000 23.153700 
4.336000 10.694716 1.530000 23.153700 
9.971000 23.270602 5.419000 20.823991 
1.674000 23.270602 7.122000 20.823991 
2.904000 10.673022 2.121000 20.542994 
1.626000 10.673022 24.169000 20.542994 
0.740000 16.931415 2.584000 27.125496 
8.763000 16.931415 1.806000 27.125496 
0.845000 11.022091 1.916000 22.401248 
3.865000 11.022091 2.703000 22.401248 
1.929000 12.072264 7.734000 21.497474 
0.733000 12.072264 1.943000 21.497474 
1.441000 12.108085 12.726000 22.389832 
0.915000 12.108085 3.692000 22.389832 
2.168000 12.442659 3.250000 22.278883 
1.539000 12.442659 2.052000 22.278883 
8.915000 10.976062 2.285000 21.302918 
1.067000 10.976062 1.993000 21.302918 
5.029000 11.071343 42.320000 21.502343 
1.242000 11.071343 1.825000 21.502343 
7.518000 12.646540 9.995000 21.027940 
1.850000 12.646540 3.110000 21.027940 
1.118000 14.043679 2.034000 31.094557 
1.260000 14.043679 3.480000 31.094557 
3.157000 10.816775 6.938000 20.170890 
0.804000 10.816775 2.785000 20.170890 
2.210000 10.687843 4.811000 19.988222 
1.205000 10.687843 1.595000 19.988222 
21.305000 11.652889 3.911000 18.411155 
2.303000 11.652889 3.264000 18.411155 
4.741000 11.707923 2.890000 19.550409 
5.383000 11.707923 19.766000 19.550409 
15.949000 12.827946 2.956000 28.999086 
4.825000 12.827946 2.011000 28.999086 
12.007000 10.728962 15.966000 23.593859 
0.803000 10.728962 2.685000 23.593859 
1.070000 18.656973 3.558000 41.640102 
13.090000 18.656973 3.633000 41.640102 
1.297000 10.681981 11.529000 20.821872 
1.799000 10.681981 7.244000 20.821872 
1.084000 13.879987 1.889000 23.433611 
0.832000 13.879987 2.904000 23.433611 
4.173000 10.823990 1.678000 21.745228 
5.924000 10.823990 3.613000 21.745228 
9.091000 11.948993 2.397000 23.646259 
2.548000 11.948993 4.484000 23.646259 
0.756000 12.036995 2.160000 24.803682 
0.986000 12.036995 7.101000 24.803682 
7.366000 12.036995 2.554000 24.803682 
0.998000 12.560996 21.817000 316.313189 
1.382000 12.560996 7.555000 316.313189 
0.862000 18.071997 2.572000 232.732628 
9.796000 18.071997 5.461000 232.732628 
1.508000 24.478998 1.744000 170.585344 
2.198000 24.478998 7.365000 170.585344 
0.926000 31.007098 2.569000 130.422037 
2.425000 31.007098 1.841000 130.422037 
1.635000 14.719668 5.889000 94.100926 
4.313000 14.719668 1.549000 94.100926 
4.330000 15.919268 4.478000 71.650952 
1.206000 15.919268 2.422000 71.650952 
0.609000 12.330388 3.507000 57.733367 
2.489000 12.330388 2.520000 57.733367 
5.690000 13.276071 2.324000 48.782957 
0.872000 13.276071 1.716000 48.782957 
13.815000 11.422950 3.515000 37.275570 
0.779000 11.422950 2.020000 37.275570 
11.414000 11.164665 3.463000 33.571699 
10.395000 11.164665 4.888000 33.571699 
0.898000 20.664965 2.294000 31.624189 
1.429000 20.664965 6.937000 31.624189 
0.910000 11.617975 3.385000 30.152332 
7.437000 11.617975 3.122000 30.152332 
1.152000 17.569282 3.745000 25.192732 
0.961000 17.569282 1.369000 25.192732 
5.432000 11.053598 4.856000 21.438511 
0.862000 11.053598 3.698000 21.438511 
1.043000 10.926818 2.570000 22.846659 
1.594000 10.926818 1.947000 22.846659 
1.620000 11.639373 2.285000 20.691061 
2.408000 11.639373 5.170000 20.691061 
5.596000 12.439761 2.758000 24.170843 
8.774000 12.439761 2.060000 24.170843 
0.810000 18.796233 5.799000 19.590590 
0.753000 18.796233 2.060000 19.590590 
0.753000 10.768563 2.060000 19.191413 
0.753000 10.768563 2.060000 19.191413 
0.753000 10.763894 2.060000 18.881989 
0.753000 10.763894 2.060000 18.881989 
0.753000 10.760626 2.060000 18.125392 
0.753000 10.760626 2.060000 18.125392 
0.753000 10.758338 2.060000 18.855774 
0.753000 10.758338 2.060000 18.855774 
0.753000 10.756736 2.060000 19.547041 
0.753000 10.756736 2.060000 19.547041 
0.753000 10.755616 2.060000 22.250929 
0.753000 10.755616 2.060000 22.250929 
0.753000 10.754831 2.060000 22.523650 
0.753000 10.754831 2.060000 22.523650 
0.753000 10.754282 2.060000 21.064555 
0.753000 10.754282 2.060000 21.064555 
0.753000 10.753897 2.060000 21.933188 
0.753000 10.753897 2.060000 21.933188 
0.753000 10.753628 2.060000 22.691231 
0.753000 10.753628 2.060000 22.691231 
0.753000 10.753440 2.060000 20.611863 
0.753000 10.753440 2.060000 20.611863 
0.753000 10.753308 2.060000 19.486304 
0.753000 10.753216 2.060000 19.538413 
0.753000 10.753216 2.060000 19.538413 
0.753000 10.753151 2.060000 19.604889 
0.753000 10.753151 2.060000 19.604889 
0.753000 10.753106 2.060000 19.021422 
0.753000 10.753106 2.060000 19.021422 
0.753000 10.753074 2.060000 18.162995 
0.753000 10.753074 2.060000 18.162995 
0.753000 10.753074 2.060000 18.162995 
0.753000 10.753052 2.060000 18.402096 
0.753000 10.753036 2.060000 18.449467 
0.753000 10.753036 2.060000 18.449467 
0.753000 10.753026 2.060000 18.662627 
0.753000 10.753026 2.060000 18.662627 
0.753000 10.753018 2.060000 19.741839 
0.753000 10.753018 2.060000 19.741839 
0.753000 10.753012 2.060000 18.727288 
0.753000 10.753012 2.060000 18.727288 
0.753000 10.753012 2.060000 18.727288 
0.753000 10.753009 2.060000 19.697102 
0.753000 10.753006 2.060000 18.845971 
0.753000 10.753006 2.060000 18.845971 
0.753000 10.753004 2.060000 20.740180 
0.753000 10.753004 2.060000 20.740180 
0.753000 10.753003 2.060000 19.936125 
0.753000 10.753003 2.060000 19.936125 
0.753000 10.753003 2.060000 19.936125 
0.753000 10.753002 2.060000 19.283288 
0.753000 10.753001 2.060000 19.606301 
0.753000 10.753001 2.060000 19.606301 
0.753000 10.753001 2.060000 19.606301 
0.753000 10.753001 2.060000 19.292410 
0.753000 10.753001 2.060000 18.802687 
0.753000 10.753001 2.060000 18.802687 
0.753000 10.753001 2.060000 19.749880 
0.753000 10.753001 2.060000 19.749880 
0.753000 10.753001 2.060000 19.182917 
0.753000 10.753001 2.060000 19.182917 
0.753000 10.753001 2.060000 18.456042 
0.753000 10.753001 2.060000 18.456042 
0.753000 10.753001 2.060000 20.197230 
0.753000 10.753001 2.060000 20.197230 
0.753000 10.753001 2.060000 19.466061 
0.753000 10.753001 2.060000 19.466061 
0.753000 10.753001 2.060000 20.964243 
0.753000 10.753001 2.060000 20.964243 
0.753000 10.753001 2.060000 20.242970 
0.753000 10.753001 2.060000 20.242970 
0.753000 10.753001 2.060000 21.478079 
0.753000 10.753001 2.060000 21.478079 
0.753000 10.753001 2.060000 20.392655 
0.753000 10.753001 2.060000 20.392655 
0.753000 10.753001 2.060000 21.942858 
0.753000 10.753001 2.060000 21.942858 
0.753000 10.753001 2.060000 23.808001 
0.753000 10.753001 2.060000 23.808001 
0.753000 10.753001 2.060000 23.793601 
0.753000 10.753001 2.060000 23.793601 
0.753000 10.753001 2.060000 22.193520 
0.753000 10.753001 2.060000 22.193520 
0.753000 10.753001 2.060000 22.193520 
0.753000 20.563001 2.060000 25.123463 
0.753000 17.620001 2.060000 23.244423 
0.753000 17.620001 2.060000 23.244423 
0.753000 15.559900 2.060000 23.849097 
0.753000 15.559900 2.060000 23.849097 
0.753000 14.117830 2.060000 22.352368 
0.753000 14.117830 2.060000 22.352368 
0.753000 13.108381 2.060000 20.524657 
0.753000 13.108381 2.060000 20.524657 
0.753000 12.401767 2.060000 19.245259 
0.753000 12.401767 2.060000 19.245259 
0.753000 11.907137 2.060000 22.279681 
0.753000 11.907137 2.060000 22.279681 
0.753000 11.560896 2.060000 21.223776 
0.753000 11.560896 2.060000 21.223776 
0.753000 11.318527 2.060000 20.724644 
0.753000 11.318527 2.060000 20.724644 
0.753000 11.148869 2.060000 19.565251 
0.753000 11.148869 2.060000 19.565251 
0.753000 11.030108 2.060000 22.533675 
0.753000 11.030108 2.060000 22.533675 
0.753000 10.946975 2.060000 21.941573 
0.753000 10.946975 2.060000 21.941573 
0.753000 10.888783 2.060000 20.087102 
0.753000 10.888783 2.060000 20.087102 
0.753000 10.848048 2.060000 21.878972 
0.753000 10.848048 2.060000 21.878972 
0.753000 10.819534 2.060000 20.433280 
0.753000 10.819534 2.060000 20.433280 
0.753000 10.799574 2.060000 19.571295 
0.753000 10.799574 2.060000 19.571295 
0.753000 10.785601 2.060000 19.957907 
0.753000 10.785601 2.060000 19.957907 
0.753000 10.775821 2.060000 20.378535 
0.753000 10.775821 2.060000 20.378535 
0.753000 10.768975 2.060000 19.352974 
0.753000 10.768975 2.060000 19.352974 
0.753000 10.764183 2.060000 18.335082 
0.753000 10.764183 2.060000 18.335082 
0.753000 10.760828 2.060000 17.772557 
0.753000 10.760828 2.060000 17.772557 
0.753000 10.758480 2.060000 21.278790 
0.753000 10.758480 2.060000 21.278790 
0.753000 10.756836 2.060000 20.523154 
0.753000 10.756836 2.060000 20.523154 
0.753000 10.755685 2.060000 20.174208 
0.753000 10.755685 2.060000 20.174208 
0.753000 10.754879 2.060000 20.229945 
0.753000 10.754879 2.060000 20.229945 
0.753000 10.754315 2.060000 19.218962 
0.753000 10.754315 2.060000 19.218962 
0.753000 10.753920 2.060000 20.071274 
0.753000 10.753920 2.060000 20.071274 
0.753000 10.753645 2.060000 19.767891 
0.753000 10.753645 2.060000 19.767891 
0.753000 10.753451 2.060000 23.305523 
0.753000 10.753451 2.060000 23.305523 
0.753000 10.753316 2.060000 21.581866 
0.753000 10.753316 2.060000 21.581866 
0.753000 10.753221 2.060000 22.385306 
0.753000 10.753221 2.060000 22.385306 
0.753000 10.753154 2.060000 21.327714 
0.753000 10.753154 2.060000 21.327714 
0.753000 10.753108 2.060000 22.897399 
0.753000 10.753108 2.060000 22.897399 
0.753000 10.753075 2.060000 22.046179 
0.753000 10.753075 2.060000 22.046179 
0.753000 10.753052 2.060000 21.090325 
0.753000 10.753052 2.060000 21.090325 
0.753000 10.753036 2.060000 19.821227 
0.753000 10.753036 2.060000 19.821227 
0.753000 10.753026 2.060000 23.282858 
0.753000 10.753026 2.060000 23.282858 
0.753000 10.753018 2.060000 22.526002 
0.753000 10.753018 2.060000 22.526002 
0.753000 10.753012 2.060000 20.886200 
0.753000 10.753012 2.060000 20.886200 
0.753000 10.753009 2.060000 20.278340 
0.753000 10.753009 2.060000 20.278340 
0.753000 10.753006 2.060000 20.182837 
0.753000 10.753006 2.060000 20.182837 
0.753000 10.753004 2.060000 19.215987 
0.753000 10.753004 2.060000 19.215987 
0.753000 10.753003 2.060000 18.539191 
0.753000 10.753003 2.060000 18.539191 
0.753000 10.753002 2.060000 21.215434 
0.753000 10.753002 2.060000 21.215434 
0.753000 10.753001 2.060000 21.108803 
0.753000 10.753001 2.060000 21.108803 
0.753000 10.753001 2.060000 22.174162 
0.753000 10.753001 2.060000 22.174162 
0.753000 10.753001 2.060000 21.269913 
0.753000 10.753001 2.060000 21.269913 
0.753000 10.753001 2.060000 24.026940 
0.753000 10.753001 2.060000 24.026940 
0.753000 10.753001 2.060000 23.916857 
0.753000 10.753001 2.060000 23.916857 
0.753000 10.753001 2.060000 22.159800 
0.753000 10.753001 2.060000 22.159800 
0.753000 10.753001 2.060000 20.659861 
0.753000 10.753001 2.060000 20.659861 
0.753000 10.753001 2.060000 19.339903 
0.753000 10.753001 2.060000 19.339903 
0.753000 10.753001 2.060000 19.375933 
0.753000 10.753001 2.060000 19.375933 
0.753000 10.753001 2.060000 18.621153 
0.753000 10.753001 2.060000 18.621153 
0.753000 10.753001 2.060000 20.462807 
0.753000 10.753001 2.060000 20.462807 
0.753000 10.753001 2.060000 19.891964 
0.753000 10.753001 2.060000 19.891964 
0.753000 10.753001 2.060000 19.462374 
0.753000 10.753001 2.060000 19.462374 
0.753000 10.753001 2.060000 20.391661 
0.753000 10.753001 2.060000 20.391661 
0.753000 10.753001 2.060000 20.622162 
0.753000 10.753001 2.060000 20.622162 
0.753000 10.753001 2.060000 21.053513 
0.753000 10.753001 2.060000 21.053513 
0.753000 30.103000 2.060000 23.485459 
0.753000 30.103000 2.060000 23.485459 
0.753000 24.298000 2.060000 21.437821 
0.753000 24.298000 2.060000 21.437821 
0.753000 20.234501 2.060000 20.874474 
0.753000 20.234501 2.060000 20.874474 
0.753000 17.390051 2.060000 20.870131 
0.753000 17.390051 2.060000 20.870131 
0.753000 15.398935 2.060000 20.207091 
0.753000 15.398935 2.060000 20.207091 
0.753000 14.005154 2.060000 19.322964 
0.753000 14.005154 2.060000 19.322964 
0.753000 13.029508 2.060000 18.314074 
0.753000 13.029508 2.060000 18.314074 
0.753000 12.346555 2.060000 19.047852 
0.753000 12.346555 2.060000 19.047852 
0.753000 11.868489 2.060000 18.991496 
0.753000 11.868489 2.060000 18.991496 
0.753000 11.533842 2.060000 18.322047 
0.753000 11.533842 2.060000 18.322047 
0.753000 11.299589 2.060000 17.883433 
0.753000 11.299589 2.060000 17.883433 
0.753000 11.135612 2.060000 20.456402 
0.753000 11.135612 2.060000 20.456402 
0.753000 11.020829 2.060000 19.407481 
0.753000 11.020829 2.060000 19.407481 
0.753000 10.940480 2.060000 18.403237 
0.753000 10.940480 2.060000 18.403237 
0.753000 10.884236 2.060000 18.600266 
0.753000 10.884236 2.060000 18.600266 
0.753000 10.844866 2.060000 21.888186 
0.753000 10.844866 2.060000 21.888186 
0.753000 10.817306 2.060000 21.429730 
0.753000 10.817306 2.060000 21.429730 
0.753000 10.798014 2.060000 21.198811 
0.753000 10.798014 2.060000 21.198811 
0.753000 10.784510 2.060000 19.507168 
0.753000 10.784510 2.060000 19.507168 
0.753000 10.775058 2.060000 20.813017 
0.753000 10.775058 2.060000 20.813017 
0.753000 10.768440 2.060000 19.717112 
0.753000 10.768440 2.060000 19.717112 
0.753000 10.763808 2.060000 19.729979 
0.753000 10.763808 2.060000 19.729979 
0.753000 10.760565 2.060000 19.498986 
0.753000 10.760565 2.060000 19.498986 
0.753000 10.758296 2.060000 19.187291 
0.753000 10.758296 2.060000 19.187291 
0.753000 10.756707 2.060000 18.609103 
0.753000 10.756707 2.060000 18.609103 
0.753000 10.755595 2.060000 19.824372 
0.753000 10.755595 2.060000 19.824372 
0.753000 10.754817 2.060000 21.515061 
0.753000 10.754817 2.060000 21.515061 
0.753000 10.754272 2.060000 21.798543 
0.753000 10.754272 2.060000 21.798543 
0.753000 10.753891 2.060000 20.616980 
0.753000 10.753891 2.060000 20.616980 
0.753000 10.753624 2.060000 20.599886 
0.753000 10.753624 2.060000 20.599886 
0.753000 10.753437 2.060000 22.447920 
0.753000 10.753437 2.060000 22.447920 
0.753000 10.753306 2.060000 21.851544 
0.753000 10.753306 2.060000 21.851544 
0.753000 10.753215 2.060000 22.154080 
0.753000 10.753215 2.060000 22.154080 
0.753000 10.753151 2.060000 21.495856 
0.753000 10.753151 2.060000 21.495856 
0.753000 10.753106 2.060000 21.995099 
0.753000 10.753106 2.060000 21.995099 
0.753000 10.753074 2.060000 20.514569 
0.753000 10.753074 2.060000 20.514569 
0.753000 10.753052 2.060000 20.618197 
0.753000 10.753052 2.060000 20.618197 
0.753000 10.753036 2.060000 20.690737 
0.753000 10.753036 2.060000 20.690737 
0.753000 10.753026 2.060000 22.661517 
0.753000 10.753026 2.060000 22.661517 
0.753000 10.753018 2.060000 20.891062 
0.753000 10.753018 2.060000 20.891062 
0.753000 10.753012 2.060000 20.281743 
0.753000 10.753012 2.060000 20.281743 
0.753000 10.753009 2.060000 20.215220 
0.753000 10.753009 2.060000 20.215220 
0.753000 10.753006 2.060000 19.958653 
0.753000 10.753006 2.060000 19.958653 
0.753000 10.753004 2.060000 19.059058 
0.753000 10.753004 2.060000 19.059058 
0.753000 10.753003 2.060000 18.759341 
0.753000 10.753003 2.060000 18.759341 
0.753000 10.753002 2.060000 19.239539 
0.753000 10.753002 2.060000 19.239539 
0.753000 10.753001 2.060000 20.775677 
0.753000 10.753001 2.060000 20.775677 
0.753000 10.753001 2.060000 20.710974 
0.753000 10.753001 2.060000 20.710974 
0.753000 10.753001 2.060000 19.525681 
0.753000 10.753001 2.060000 19.525681 
0.753000 10.753001 2.060000 20.195977 
0.753000 10.753001 2.060000 20.195977 
0.753000 10.753001 2.060000 20.125184 
0.753000 10.753001 2.060000 20.125184 
0.753000 10.753001 2.060000 20.465628 
0.753000 10.753001 2.060000 20.465628 
0.753000 10.753001 2.060000 19.743939 
0.753000 10.753001 2.060000 19.743939 
0.753000 10.753001 2.060000 21.428757 
0.753000 10.753001 2.060000 21.428757 
0.753000 10.753001 2.060000 21.498129 
0.753000 10.753001 2.060000 21.498129 
0.753000 10.753001 2.060000 21.456690 
0.753000 10.753001 2.060000 21.456690 
0.753000 10.753001 2.060000 20.947684 
0.753000 10.753001 2.060000 20.947684 
0.753000 10.753001 2.060000 19.871378 
0.753000 10.753001 2.060000 19.871378 
0.753000 10.753001 2.060000 20.557965 
0.753000 10.753001 2.060000 20.557965 
0.753000 10.753001 2.060000 19.658576 
0.753000 10.753001 2.060000 19.658576 
0.753000 20.803001 2.060000 22.629002 
0.753000 20.803001 2.060000 22.629002 
0.753000 17.788000 2.060000 23.538302 
0.753000 17.788000 2.060000 23.538302 
0.753000 15.677500 2.060000 23.214812 
0.753000 15.677500 2.060000 23.214812 
0.753000 14.200149 2.060000 21.098368 
0.753000 14.200149 2.060000 21.098368 
0.753000 13.166005 2.060000 20.876858 
0.753000 13.166005 2.060000 20.876858 
0.753000 12.442103 2.060000 21.111802 
0.753000 12.442103 2.060000 21.111802 
0.753000 11.935372 2.060000 21.336260 
0.753000 11.935372 2.060000 21.336260 
0.753000 11.580661 2.060000 20.833382 
0.753000 11.580661 2.060000 20.833382 
0.753000 11.332363 2.060000 20.151368 
0.753000 11.332363 2.060000 20.151368 
0.753000 11.158554 2.060000 19.253958 
0.753000 11.158554 2.060000 19.253958 
0.753000 11.036888 2.060000 19.585770 
0.753000 11.036888 2.060000 19.585770 
0.753000 10.951722 2.060000 20.568039 
0.753000 10.951722 2.060000 20.568039 
0.753000 10.892105 2.060000 20.355628 
0.753000 10.892105 2.060000 20.355628 
0.753000 10.850373 2.060000 19.906939 
0.753000 10.850373 2.060000 19.906939 
0.753000 10.821161 2.060000 19.082858 
0.753000 10.821161 2.060000 19.082858 
0.753000 10.800712 2.060000 20.786000 
0.753000 10.800712 2.060000 20.786000 
0.753000 10.786399 2.060000 20.268200 
0.753000 10.786399 2.060000 20.268200 
0.753000 10.776379 2.060000 22.155741 
0.753000 10.776379 2.060000 22.155741 
0.753000 10.769365 2.060000 20.417019 
0.753000 10.769365 2.060000 20.417019 
0.753000 10.764456 2.060000 21.659915 
0.753000 10.764456 2.060000 21.659915 
0.753000 10.761018 2.060000 20.279940 
0.753000 10.761018 2.060000 20.279940 
0.753000 10.758613 2.060000 20.243958 
0.753000 10.758613 2.060000 20.243958 
0.753000 10.756929 2.060000 21.418770 
0.753000 10.756929 2.060000 21.418770 
0.753000 10.755750 2.060000 22.721140 
0.753000 10.755750 2.060000 22.721140 
0.753000 10.754925 2.060000 21.442797 
0.753000 10.754925 2.060000 21.442797 
0.753000 10.754348 2.060000 20.697959 
0.753000 10.754348 2.060000 20.697959 
0.753000 10.753943 2.060000 19.396571 
0.753000 10.753943 2.060000 19.396571 
0.753000 10.753660 2.060000 18.995600 
0.753000 10.753660 2.060000 18.995600 
0.753000 10.753660 2.060000 18.995600 
0.753000 10.753660 2.060000 18.995600 
0.753000 10.753660 2.060000 18.995600 
0.753000 10.753660 2.060000 18.995600 
0.753000 10.753660 2.060000 18.995600 
0.753000 10.753660 2.060000 18.995600 
0.753000 10.753660 2.060000 18.995600 
0.753000 10.753660 2.060000 18.995600 
0.753000 10.753660 2.060000 18.995600 
0.753000 10.753660 2.060000 18.995600 
0.753000 10.753660 2.060000 18.995600 
0.753000 10.753660 2.060000 18.995600 
0.753000 10.753660 2.060000 18.995600 
0.753000 10.753660 2.060000 18.995600 
0.753000 10.753660 2.060000 18.995600 
0.753000 10.753660 2.060000 18.995600 
0.753000 10.753660 2.060000 18.995600 
0.753000 10.753660 2.060000 18.995600 
0.753000 10.753660 2.060000 18.995600 
0.753000 10.753660 2.060000 18.995600 
0.753000 10.753660 2.060000 18.995600 
0.753000 10.753660 2.060000 18.995600 
0.753000 10.753660 2.060000 18.995600 
0.753000 10.753660 2.060000 18.995600 
