1.396000 10.302695 2.211000 27.379419 
0.985000 10.302695 2.482000 27.379419 
1.481000 10.456286 4.120000 24.189793 
1.169000 10.456286 3.296000 24.189793 
3.439000 13.964501 1.700000 26.282755 
13.035000 13.964501 1.674000 26.282755 
3.030000 12.674950 3.694000 22.948030 
11.764000 12.674950 2.068000 22.948030 
2.946000 10.973265 4.661000 23.363621 
1.659000 10.973265 3.821000 23.363621 
5.681000 12.057585 4.160000 30.381034 
10.218000 12.057585 3.144000 30.381034 
0.755000 10.743609 27.139000 24.605525 
1.160000 10.743609 1.973000 24.605525 
1.521000 12.431327 13.176000 19.970067 
1.670000 12.431327 9.421000 19.970067 
5.415000 10.679529 2.315000 20.966846 
1.704000 10.679529 5.801000 20.966846 
2.483000 10.897170 7.437000 31.430892 
1.268000 10.897170 3.450000 31.430892 
3.185000 17.974619 2.515000 29.463725 
3.224000 17.974619 3.130000 29.463725 
1.298000 10.944833 2.682000 24.938807 
1.298000 10.944833 2.682000 24.938807 
1.298000 11.739483 2.682000 22.732465 
1.298000 11.739483 2.682000 22.732465 
1.298000 11.607038 2.682000 26.017325 
1.298000 11.607038 2.682000 26.017325 
1.298000 11.514327 2.682000 24.926728 
1.298000 11.514327 2.682000 24.926728 
1.298000 11.449428 2.682000 23.293309 
1.298000 11.449428 2.682000 23.293309 
1.298000 11.404000 2.682000 22.209916 
1.298000 11.404000 2.682000 22.209916 
1.298000 11.372200 2.682000 22.951541 
1.298000 11.372200 2.682000 22.951541 
1.298000 11.349940 2.682000 24.340678 
1.298000 11.349940 2.682000 24.340678 
1.298000 11.334358 2.682000 23.723075 
1.298000 11.334358 2.682000 23.723075 
1.298000 11.323451 2.682000 22.900752 
1.298000 11.323451 2.682000 22.900752 
1.298000 11.315816 2.682000 23.195126 
1.298000 11.315816 2.682000 23.195126 
1.298000 11.310471 2.682000 22.441188 
1.298000 11.310471 2.682000 22.441188 
1.298000 11.306730 2.682000 22.093432 
1.298000 11.306730 2.682000 22.093432 
1.298000 11.304111 2.682000 23.020003 
1.298000 11.304111 2.682000 23.020003 
1.298000 11.302278 2.682000 22.948602 
1.298000 11.302278 2.682000 22.948602 
1.298000 11.300995 2.682000 22.688620 
1.298000 11.300995 2.682000 22.688620 
1.298000 11.300096 2.682000 24.756635 
1.298000 11.300096 2.682000 24.756635 
1.298000 11.299468 2.682000 24.344245 
1.298000 11.299468 2.682000 24.344245 
1.298000 11.299027 2.682000 23.245572 
1.298000 11.299027 2.682000 23.245572 
1.298000 11.298719 2.682000 23.346501 
1.298000 11.298719 2.682000 23.346501 
1.298000 11.298504 2.682000 22.367150 
1.298000 11.298504 2.682000 22.367150 
1.298000 11.298353 2.682000 21.741605 
1.298000 11.298353 2.682000 21.741605 
1.298000 11.298353 2.682000 21.741605 
1.298000 11.298353 2.682000 21.741605 
1.298000 11.298173 2.682000 24.513207 
1.298000 11.298173 2.682000 24.513207 
1.298000 11.298121 2.682000 31.823846 
1.298000 11.298121 2.682000 31.823846 
1.298000 11.298085 2.682000 30.971291 
1.298000 11.298085 2.682000 30.971291 
1.298000 11.298059 2.682000 33.974503 
1.298000 11.298059 2.682000 33.974503 
1.298000 11.298041 2.682000 30.136752 
1.298000 11.298041 2.682000 30.136752 
1.298000 11.538028 2.682000 27.870326 
1.298000 11.538028 2.682000 27.870326 
1.298000 11.466020 2.682000 25.593829 
1.298000 11.466020 2.682000 25.593829 
1.298000 11.415614 2.682000 29.400281 
1.298000 11.415614 2.682000 29.400281 
1.298000 11.415614 2.682000 29.400281 
1.298000 47.980331 2.682000 321.384789 
1.298000 47.980331 2.682000 321.384789 
1.298000 36.975631 2.682000 232.253945 
1.298000 36.975631 2.682000 232.253945 
1.298000 29.272342 2.682000 172.232354 
1.298000 29.272342 2.682000 172.232354 
1.298000 23.880039 2.682000 126.347245 
1.298000 23.880039 2.682000 126.347245 
1.298000 20.105426 2.682000 95.157670 
1.298000 17.463199 2.682000 72.064965 
1.298000 17.463199 2.682000 72.064965 
1.298000 15.613639 2.682000 57.760075 
1.298000 15.613639 2.682000 57.760075 
1.298000 14.318947 2.682000 45.616654 
1.298000 14.318947 2.682000 45.616654 
1.298000 14.318947 2.682000 45.616654 
1.298000 13.412663 2.682000 39.486256 
1.298000 12.778265 2.682000 34.714978 
1.298000 12.778265 2.682000 34.714978 
1.298000 12.334185 2.682000 29.875085 
1.298000 12.334185 2.682000 29.875085 
1.298000 12.023329 2.682000 28.977160 
1.298000 12.023329 2.682000 28.977160 
1.298000 11.805730 2.682000 28.408612 
1.298000 11.805730 2.682000 28.408612 
1.298000 11.653412 2.682000 25.250628 
1.298000 11.653412 2.682000 25.250628 
1.298000 11.546788 2.682000 22.530040 
1.298000 11.546788 2.682000 22.530040 
1.298000 11.472151 2.682000 22.005627 
1.298000 11.472151 2.682000 22.005627 
1.298000 11.419906 2.682000 22.598538 
1.298000 11.419906 2.682000 22.598538 
1.298000 11.383335 2.682000 23.883576 
1.298000 11.383335 2.682000 23.883576 
1.298000 11.357734 2.682000 22.653104 
1.298000 11.357734 2.682000 22.653104 
1.298000 11.339814 2.682000 21.041772 
1.298000 11.339814 2.682000 21.041772 
1.298000 11.327270 2.682000 21.683841 
1.298000 11.327270 2.682000 21.683841 
1.298000 11.318489 2.682000 21.563289 
1.298000 11.318489 2.682000 21.563289 
1.298000 11.312342 2.682000 20.308902 
1.298000 11.312342 2.682000 20.308902 
1.298000 11.308039 2.682000 21.680831 
1.298000 11.308039 2.682000 21.680831 
1.298000 11.305028 2.682000 21.051181 
1.298000 11.305028 2.682000 21.051181 
1.298000 11.302919 2.682000 20.130427 
1.298000 11.302919 2.682000 20.130427 
1.298000 11.301444 2.682000 22.425898 
1.298000 11.301444 2.682000 22.425898 
1.298000 11.300411 2.682000 21.602729 
1.298000 11.300411 2.682000 21.602729 
1.298000 11.299688 2.682000 22.406510 
1.298000 11.299688 2.682000 22.406510 
1.298000 11.299182 2.682000 21.709157 
1.298000 11.299182 2.682000 21.709157 
1.298000 11.298827 2.682000 22.091010 
1.298000 11.298827 2.682000 22.091010 
1.298000 11.298579 2.682000 23.318307 
1.298000 11.298579 2.682000 23.318307 
1.298000 11.298405 2.682000 23.667415 
1.298000 11.298405 2.682000 23.667415 
1.298000 11.298284 2.682000 22.651790 
1.298000 11.298284 2.682000 22.651790 
1.298000 11.298199 2.682000 24.430852 
1.298000 11.298199 2.682000 24.430852 
1.298000 11.298139 2.682000 23.486195 
1.298000 11.298139 2.682000 23.486195 
1.298000 11.298097 2.682000 21.624936 
1.298000 11.298097 2.682000 21.624936 
1.298000 11.298068 2.682000 20.952056 
1.298000 11.298068 2.682000 20.952056 
1.298000 11.298048 2.682000 23.211039 
1.298000 11.298048 2.682000 23.211039 
1.298000 11.298033 2.682000 22.182328 
1.298000 11.298033 2.682000 22.182328 
1.298000 11.298023 2.682000 21.822230 
1.298000 11.298023 2.682000 21.822230 
1.298000 11.298016 2.682000 21.720160 
1.298000 11.298016 2.682000 21.720160 
1.298000 11.298011 2.682000 22.278712 
1.298000 11.298011 2.682000 22.278712 
1.298000 11.298008 2.682000 21.379699 
1.298000 11.298008 2.682000 21.379699 
1.298000 11.298006 2.682000 21.710389 
1.298000 11.298006 2.682000 21.710389 
1.298000 11.298004 2.682000 23.861873 
1.298000 11.298004 2.682000 23.861873 
1.298000 11.298003 2.682000 22.247910 
1.298000 11.298003 2.682000 22.247910 
1.298000 11.298002 2.682000 23.308137 
1.298000 11.298002 2.682000 23.308137 
1.298000 11.298001 2.682000 22.580296 
1.298000 11.298001 2.682000 22.580296 
1.298000 11.298001 2.682000 24.080808 
1.298000 11.298001 2.682000 24.080808 
1.298000 11.298001 2.682000 23.841164 
1.298000 11.298001 2.682000 23.841164 
1.298000 11.298001 2.682000 22.323415 
1.298000 11.298001 2.682000 22.323415 
1.298000 11.298001 2.682000 24.530989 
1.298000 11.298001 2.682000 24.530989 
1.298000 11.298001 2.682000 22.656293 
1.298000 11.298001 2.682000 22.656293 
1.298000 11.298001 2.682000 23.054005 
1.298000 11.298001 2.682000 23.054005 
1.298000 11.298001 2.682000 25.042403 
1.298000 11.298001 2.682000 25.042403 
1.298000 11.298001 2.682000 23.644282 
1.298000 11.298001 2.682000 23.644282 
1.298000 11.298001 2.682000 22.185597 
1.298000 11.298001 2.682000 22.185597 
1.298000 11.298001 2.682000 23.624518 
1.298000 11.298001 2.682000 23.624518 
1.298000 11.298001 2.682000 23.624518 
1.298000 11.298001 2.682000 41.821763 
1.298000 46.097999 2.682000 35.449834 
1.298000 46.097999 2.682000 35.449834 
1.298000 35.658001 2.682000 29.969483 
1.298000 35.658001 2.682000 29.969483 
1.298000 28.350000 2.682000 26.913239 
1.298000 28.350000 2.682000 26.913239 
1.298000 23.234399 2.682000 26.033868 
1.298000 23.234399 2.682000 26.033868 
1.298000 19.653480 2.682000 25.328307 
1.298000 19.653480 2.682000 25.328307 
1.298000 17.146836 2.682000 24.804416 
1.298000 17.146836 2.682000 24.804416 
1.298000 15.392185 2.682000 22.817691 
1.298000 15.392185 2.682000 22.817691 
1.298000 14.163930 2.682000 22.596984 
1.298000 14.163930 2.682000 22.596984 
1.298000 13.304151 2.682000 22.832490 
1.298000 13.304151 2.682000 22.832490 
1.298000 12.702305 2.682000 21.827342 
1.298000 12.702305 2.682000 21.827342 
1.298000 12.281014 2.682000 20.703740 
1.298000 12.281014 2.682000 20.703740 
1.298000 11.986110 2.682000 22.077218 
1.298000 11.986110 2.682000 22.077218 
1.298000 11.779677 2.682000 24.418652 
1.298000 11.779677 2.682000 24.418652 
1.298000 11.635173 2.682000 23.297656 
1.298000 11.635173 2.682000 23.297656 
1.298000 11.534021 2.682000 21.702960 
1.298000 11.534021 2.682000 21.702960 
1.298000 11.463215 2.682000 20.586673 
1.298000 11.463215 2.682000 20.586673 
1.298000 11.413650 2.682000 21.845271 
1.298000 11.413650 2.682000 21.845271 
1.298000 11.378956 2.682000 24.346289 
1.298000 11.378956 2.682000 24.346289 
1.298000 11.354669 2.682000 23.877004 
1.298000 11.354669 2.682000 23.877004 
1.298000 11.337668 2.682000 22.138503 
1.298000 11.337668 2.682000 22.138503 
1.298000 11.325767 2.682000 22.871552 
1.298000 11.325767 2.682000 22.871552 
1.298000 11.317437 2.682000 20.924687 
1.298000 11.317437 2.682000 20.924687 
1.298000 11.311606 2.682000 21.661881 
1.298000 11.311606 2.682000 21.661881 
1.298000 11.307524 2.682000 20.617917 
1.298000 11.307524 2.682000 20.617917 
1.298000 11.304667 2.682000 22.947142 
1.298000 11.304667 2.682000 22.947142 
1.298000 11.302667 2.682000 21.367600 
1.298000 11.302667 2.682000 21.367600 
1.298000 11.301267 2.682000 19.901921 
1.298000 11.301267 2.682000 19.901921 
1.298000 11.300287 2.682000 20.735946 
1.298000 11.300287 2.682000 20.735946 
1.298000 11.299601 2.682000 20.929763 
1.298000 11.299601 2.682000 20.929763 
1.298000 11.299121 2.682000 20.105433 
1.298000 11.299121 2.682000 20.105433 
1.298000 11.298784 2.682000 19.348403 
1.298000 11.298784 2.682000 19.348403 
1.298000 11.298548 2.682000 18.608482 
1.298000 11.298548 2.682000 18.608482 
1.298000 11.298383 2.682000 20.790538 
1.298000 11.298383 2.682000 20.790538 
1.298000 11.298268 2.682000 21.297976 
1.298000 11.298268 2.682000 21.297976 
1.298000 11.298188 2.682000 20.873183 
1.298000 11.298188 2.682000 20.873183 
1.298000 11.298132 2.682000 19.855828 
1.298000 11.298132 2.682000 19.855828 
1.298000 11.298093 2.682000 19.653680 
1.298000 11.298093 2.682000 19.653680 
1.298000 11.298065 2.682000 21.042176 
1.298000 11.298065 2.682000 21.042176 
1.298000 11.298046 2.682000 21.204123 
1.298000 11.298046 2.682000 21.204123 
1.298000 11.298032 2.682000 20.867486 
1.298000 11.298032 2.682000 20.867486 
1.298000 11.298023 2.682000 21.171840 
1.298000 11.298023 2.682000 21.171840 
1.298000 11.298016 2.682000 22.854888 
1.298000 11.298016 2.682000 22.854888 
1.298000 11.298011 2.682000 22.293021 
1.298000 11.298011 2.682000 22.293021 
1.298000 11.298008 2.682000 20.759715 
1.298000 11.298008 2.682000 20.759715 
1.298000 11.298006 2.682000 21.276400 
1.298000 11.298006 2.682000 21.276400 
1.298000 11.298004 2.682000 20.768081 
1.298000 11.298004 2.682000 20.768081 
1.298000 11.298003 2.682000 20.442256 
1.298000 11.298003 2.682000 20.442256 
1.298000 11.298002 2.682000 23.244180 
1.298000 11.298002 2.682000 23.244180 
1.298000 11.298001 2.682000 21.305526 
1.298000 11.298001 2.682000 21.305526 
1.298000 11.298001 2.682000 21.748467 
1.298000 11.298001 2.682000 21.748467 
1.298000 11.298001 2.682000 20.648526 
1.298000 11.298001 2.682000 20.648526 
1.298000 11.298001 2.682000 20.808568 
1.298000 11.298001 2.682000 20.808568 
1.298000 11.298001 2.682000 20.410598 
1.298000 11.298001 2.682000 20.410598 
1.298000 11.298001 2.682000 20.912019 
1.298000 11.298001 2.682000 20.912019 
1.298000 11.298001 2.682000 20.093013 
1.298000 11.298001 2.682000 20.093013 
1.298000 11.298001 2.682000 20.093013 
1.298000 11.298001 2.682000 20.093013 
1.298000 11.298001 2.682000 24.431395 
1.298000 11.298001 2.682000 24.431395 
1.298000 11.298001 2.682000 22.316577 
1.298000 11.298001 2.682000 22.316577 
1.298000 11.298001 2.682000 20.686204 
1.298000 11.298001 2.682000 20.686204 
1.298000 11.298001 2.682000 26.954943 
1.298000 11.298001 2.682000 26.954943 
1.298000 11.298001 2.682000 25.043061 
1.298000 11.298001 2.682000 25.043061 
1.298000 11.298001 2.682000 26.374743 
1.298000 11.298001 2.682000 26.374743 
1.298000 11.298001 2.682000 27.366921 
1.298000 11.298001 2.682000 27.366921 
1.298000 11.298001 2.682000 26.531445 
1.298000 11.298001 2.682000 26.531445 
1.298000 11.298001 2.682000 24.716611 
1.298000 11.298001 2.682000 24.716611 
1.298000 11.298001 2.682000 24.976228 
1.298000 11.298001 2.682000 24.976228 
1.298000 11.298001 2.682000 23.267960 
1.298000 11.298001 2.682000 23.267960 
1.298000 11.298001 2.682000 24.712172 
1.298000 11.298001 2.682000 24.712172 
1.298000 11.298001 2.682000 23.353120 
1.298000 11.298001 2.682000 23.353120 
1.298000 11.298001 2.682000 23.091784 
1.298000 11.298001 2.682000 23.091784 
1.298000 11.298001 2.682000 24.258849 
1.298000 11.298001 2.682000 24.258849 
1.298000 11.298001 2.682000 23.335793 
1.298000 11.298001 2.682000 23.335793 
1.298000 11.298001 2.682000 23.019656 
1.298000 11.298001 2.682000 23.019656 
1.298000 11.298001 2.682000 23.608359 
1.298000 11.298001 2.682000 23.608359 
1.298000 11.298001 2.682000 24.170451 
1.298000 11.298001 2.682000 24.170451 
1.298000 11.298001 2.682000 22.613915 
1.298000 11.298001 2.682000 22.613915 
1.298000 11.298001 2.682000 23.654340 
1.298000 11.298001 2.682000 23.654340 
1.298000 11.298001 2.682000 24.832639 
1.298000 11.298001 2.682000 24.832639 
1.298000 11.298001 2.682000 23.197448 
1.298000 11.298001 2.682000 23.197448 
1.298000 11.298001 2.682000 23.072814 
1.298000 11.298001 2.682000 23.072814 
1.298000 11.298001 2.682000 24.305569 
1.298000 11.298001 2.682000 24.305569 
1.298000 11.298001 2.682000 23.128499 
1.298000 11.298001 2.682000 23.128499 
1.298000 11.298001 2.682000 22.904549 
1.298000 11.298001 2.682000 22.904549 
1.298000 11.298001 2.682000 21.937785 
1.298000 11.298001 2.682000 21.937785 
1.298000 11.298001 2.682000 22.011050 
1.298000 11.298001 2.682000 22.011050 
1.298000 11.298001 2.682000 22.842336 
1.298000 11.298001 2.682000 22.842336 
1.298000 11.298001 2.682000 22.704236 
1.298000 11.298001 2.682000 22.704236 
1.298000 11.298001 2.682000 25.817565 
1.298000 11.298001 2.682000 25.817565 
1.298000 11.298001 2.682000 26.376895 
1.298000 11.298001 2.682000 26.376895 
1.298000 11.298001 2.682000 24.458426 
1.298000 11.298001 2.682000 24.458426 
1.298000 11.298001 2.682000 24.435498 
1.298000 11.298001 2.682000 24.435498 
1.298000 11.298001 2.682000 23.219449 
1.298000 11.298001 2.682000 23.219449 
1.298000 11.298001 2.682000 30.168214 
1.298000 11.298001 2.682000 30.168214 
1.298000 11.298001 2.682000 28.402350 
1.298000 11.298001 2.682000 28.402350 
1.298000 11.298001 2.682000 27.796246 
1.298000 11.298001 2.682000 27.796246 
1.298000 11.298001 2.682000 25.991973 
1.298000 11.298001 2.682000 25.991973 
1.298000 11.298001 2.682000 23.978982 
1.298000 11.298001 2.682000 23.978982 
1.298000 11.298001 2.682000 23.889888 
1.298000 11.298001 2.682000 23.889888 
1.298000 11.298001 2.682000 23.827521 
1.298000 11.298001 2.682000 23.827521 
1.298000 11.298001 2.682000 23.933865 
1.298000 11.298001 2.682000 23.933865 
1.298000 11.298001 2.682000 25.058307 
1.298000 11.298001 2.682000 25.058307 
1.298000 11.298001 2.682000 23.805415 
1.298000 11.298001 2.682000 23.805415 
1.298000 11.298001 2.682000 23.378390 
1.298000 11.298001 2.682000 23.378390 
1.298000 11.298001 2.682000 24.669473 
1.298000 11.298001 2.682000 24.669473 
1.298000 11.298001 2.682000 26.563231 
1.298000 11.298001 2.682000 26.563231 
1.298000 11.298001 2.682000 25.008862 
1.298000 11.298001 2.682000 25.008862 
1.298000 11.298001 2.682000 24.100804 
1.298000 11.298001 2.682000 24.100804 
1.298000 11.298001 2.682000 27.725163 
1.298000 11.298001 2.682000 27.725163 
1.298000 11.298001 2.682000 26.332215 
1.298000 11.298001 2.682000 26.332215 
1.298000 11.298001 2.682000 24.067151 
1.298000 11.298001 2.682000 24.067151 
1.298000 11.298001 2.682000 24.371606 
1.298000 11.298001 2.682000 24.371606 
1.298000 11.298001 2.682000 24.734723 
1.298000 11.298001 2.682000 24.734723 
1.298000 11.298001 2.682000 23.458905 
1.298000 11.298001 2.682000 23.458905 
1.298000 11.298001 2.682000 22.625834 
1.298000 11.298001 2.682000 22.625834 
1.298000 11.298001 2.682000 24.052684 
1.298000 11.298001 2.682000 24.052684 
1.298000 11.298001 2.682000 22.921479 
1.298000 11.298001 2.682000 22.921479 
1.298000 11.298001 2.682000 23.629636 
1.298000 11.298001 2.682000 23.629636 
1.298000 11.298001 2.682000 26.075345 
1.298000 11.298001 2.682000 26.075345 
1.298000 11.298001 2.682000 25.237342 
1.298000 11.298001 2.682000 25.237342 
1.298000 11.298001 2.682000 52.670739 
1.298000 11.298001 2.682000 52.670739 
1.298000 59.898002 2.682000 44.004117 
1.298000 59.898002 2.682000 44.004117 
1.298000 45.318000 2.682000 36.887482 
1.298000 45.318000 2.682000 36.887482 
1.298000 35.111999 2.682000 36.915837 
1.298000 35.111999 2.682000 36.915837 
1.298000 27.967800 2.682000 32.555686 
1.298000 27.967800 2.682000 32.555686 
1.298000 22.966859 2.682000 29.113580 
1.298000 22.966859 2.682000 29.113580 
1.298000 19.466201 2.682000 28.414105 
1.298000 19.466201 2.682000 28.414105 
1.298000 17.015741 2.682000 29.904473 
1.298000 17.015741 2.682000 29.904473 
1.298000 15.300419 2.682000 26.957730 
1.298000 15.300419 2.682000 26.957730 
1.298000 14.849693 2.682000 25.225011 
1.298000 14.849693 2.682000 25.225011 
1.298000 13.784185 2.682000 23.952107 
1.298000 13.784185 2.682000 23.952107 
1.298000 13.038330 2.682000 26.271075 
1.298000 13.038330 2.682000 26.271075 
1.298000 12.516231 2.682000 25.974353 
1.298000 12.516231 2.682000 25.974353 
1.298000 12.150762 2.682000 24.416648 
1.298000 12.150762 2.682000 24.416648 
1.298000 11.894933 2.682000 25.726254 
1.298000 11.894933 2.682000 25.726254 
1.298000 11.715853 2.682000 27.362979 
1.298000 11.715853 2.682000 27.362979 
1.298000 11.590498 2.682000 25.628686 
1.298000 11.590498 2.682000 25.628686 
1.298000 11.502748 2.682000 23.904681 
1.298000 11.502748 2.682000 23.904681 
1.298000 11.441324 2.682000 28.997876 
1.298000 11.441324 2.682000 28.997876 
1.298000 11.398327 2.682000 26.323113 
1.298000 11.398327 2.682000 26.323113 
1.298000 11.368229 2.682000 25.590779 
1.298000 11.368229 2.682000 25.590779 
1.298000 11.347160 2.682000 26.818145 
1.298000 11.347160 2.682000 26.818145 
1.298000 11.332412 2.682000 24.947301 
1.298000 11.332412 2.682000 24.947301 
1.298000 11.322089 2.682000 23.367711 
1.298000 11.322089 2.682000 23.367711 
1.298000 11.314862 2.682000 23.041997 
1.298000 11.314862 2.682000 23.041997 
1.298000 11.309804 2.682000 23.743998 
1.298000 11.309804 2.682000 23.743998 
1.298000 11.306263 2.682000 23.845399 
1.298000 11.306263 2.682000 23.845399 
1.298000 11.303784 2.682000 23.526379 
1.298000 11.303784 2.682000 23.526379 
1.298000 11.302049 2.682000 24.893065 
1.298000 11.302049 2.682000 24.893065 
1.298000 11.300834 2.682000 25.759745 
1.298000 11.300834 2.682000 25.759745 
1.298000 11.299984 2.682000 24.866422 
1.298000 11.299984 2.682000 24.866422 
1.298000 11.299389 2.682000 25.381095 
1.298000 11.299389 2.682000 25.381095 
1.298000 11.298972 2.682000 23.551366 
1.298000 11.298972 2.682000 23.551366 
1.298000 11.298680 2.682000 27.460557 
1.298000 11.298680 2.682000 27.460557 
1.298000 11.298476 2.682000 25.066989 
1.298000 11.298476 2.682000 25.066989 
1.298000 11.298333 2.682000 26.391492 
1.298000 11.298333 2.682000 26.391492 
1.298000 11.298233 2.682000 26.028643 
1.298000 11.298233 2.682000 26.028643 
1.298000 11.298163 2.682000 24.184651 
1.298000 11.298163 2.682000 24.184651 
1.298000 11.298114 2.682000 24.093856 
1.298000 11.298114 2.682000 24.093856 
1.298000 11.298080 2.682000 24.060300 
1.298000 11.298080 2.682000 24.060300 
1.298000 11.298056 2.682000 23.586810 
1.298000 11.298056 2.682000 23.586810 
1.298000 11.298039 2.682000 22.565368 
1.298000 11.298039 2.682000 22.565368 
1.298000 11.298028 2.682000 24.910357 
1.298000 11.298028 2.682000 24.910357 
1.298000 11.298019 2.682000 25.111850 
1.298000 11.298019 2.682000 25.111850 
1.298000 11.298013 2.682000 26.002894 
1.298000 11.298013 2.682000 26.002894 
1.298000 11.298010 2.682000 24.196626 
1.298000 11.298010 2.682000 24.196626 
1.298000 11.298007 2.682000 24.912238 
1.298000 11.298007 2.682000 24.912238 
1.298000 11.298005 2.682000 24.633166 
1.298000 11.298005 2.682000 24.633166 
1.298000 11.298004 2.682000 25.487817 
1.298000 11.298004 2.682000 25.487817 
1.298000 11.298003 2.682000 24.946072 
1.298000 11.298003 2.682000 24.946072 
1.298000 11.298002 2.682000 26.306851 
1.298000 11.298002 2.682000 26.306851 
1.298000 11.298001 2.682000 25.249396 
1.298000 11.298001 2.682000 25.249396 
1.298000 11.298001 2.682000 24.719178 
1.298000 11.298001 2.682000 24.719178 
1.298000 11.298001 2.682000 25.458024 
1.298000 11.298001 2.682000 25.458024 
1.298000 11.298001 2.682000 23.635217 
1.298000 11.298001 2.682000 23.635217 
1.298000 11.298001 2.682000 22.539252 
1.298000 11.298001 2.682000 22.539252 
1.298000 11.298001 2.682000 24.562077 
1.298000 11.298001 2.682000 24.562077 
1.298000 11.298001 2.682000 23.278054 
1.298000 11.298001 2.682000 23.278054 
1.298000 11.298001 2.682000 22.499238 
1.298000 11.298001 2.682000 22.499238 
1.298000 11.298001 2.682000 21.564067 
1.298000 11.298001 2.682000 21.564067 
1.298000 11.298001 2.682000 21.179446 
1.298000 11.298001 2.682000 21.179446 
1.298000 61.097999 2.682000 23.520211 
1.298000 61.097999 2.682000 23.520211 
1.298000 46.158001 2.682000 23.238747 
1.298000 46.158001 2.682000 23.238747 
1.298000 35.700000 2.682000 25.591723 
1.298000 35.700000 2.682000 25.591723 
1.298000 28.379400 2.682000 24.658807 
1.298000 28.379400 2.682000 24.658807 
1.298000 23.254980 2.682000 24.245765 
1.298000 23.254980 2.682000 24.245765 
1.298000 19.667886 2.682000 23.926635 
1.298000 19.667886 2.682000 23.926635 
1.298000 17.156920 2.682000 25.863244 
1.298000 17.156920 2.682000 25.863244 
1.298000 15.399244 2.682000 24.128871 
1.298000 15.399244 2.682000 24.128871 
1.298000 14.168871 2.682000 22.794810 
1.298000 14.168871 2.682000 22.794810 
1.298000 13.307609 2.682000 23.270966 
1.298000 13.307609 2.682000 23.270966 
1.298000 12.704727 2.682000 25.314277 
1.298000 12.704727 2.682000 25.314277 
1.298000 12.282709 2.682000 23.594594 
1.298000 12.282709 2.682000 23.594594 
1.298000 11.987296 2.682000 24.340815 
1.298000 11.987296 2.682000 24.340815 
1.298000 11.780507 2.682000 24.653170 
1.298000 11.780507 2.682000 24.653170 
1.298000 11.635755 2.682000 23.191819 
1.298000 11.635755 2.682000 23.191819 
1.298000 11.534428 2.682000 23.998874 
1.298000 11.534428 2.682000 23.998874 
1.298000 11.534428 2.682000 23.998874 
1.298000 11.534428 2.682000 23.998874 
1.298000 11.534428 2.682000 23.998874 
1.298000 11.534428 2.682000 23.998874 
1.298000 11.534428 2.682000 23.998874 
1.298000 11.534428 2.682000 23.998874 
1.298000 11.534428 2.682000 23.998874 
1.298000 11.534428 2.682000 23.998874 
1.298000 11.534428 2.682000 23.998874 
1.298000 11.534428 2.682000 23.998874 
1.298000 11.534428 2.682000 23.998874 
1.298000 11.534428 2.682000 23.998874 
1.298000 11.534428 2.682000 23.998874 
1.298000 11.534428 2.682000 23.998874 
1.298000 11.534428 2.682000 23.998874 
1.298000 11.534428 2.682000 23.998874 
1.298000 11.534428 2.682000 23.998874 
1.298000 11.534428 2.682000 23.998874 
1.298000 11.534428 2.682000 23.998874 
1.298000 11.534428 2.682000 23.998874 
1.298000 11.534428 2.682000 23.998874 
1.298000 11.534428 2.682000 23.998874 
1.298000 11.534428 2.682000 23.998874 
1.298000 11.534428 2.682000 23.998874 
1.298000 11.534428 2.682000 23.998874 
1.298000 11.534428 2.682000 23.998874 
