1.087000 26.812521 5.203000 25.547537 
1.087000 26.812521 5.203000 25.547537 
1.087000 15.135465 5.203000 28.246276 
1.087000 15.135465 5.203000 28.246276 
1.087000 13.920925 5.203000 27.063292 
1.087000 13.920925 5.203000 27.063292 
1.087000 13.070747 5.203000 26.775205 
1.087000 13.070747 5.203000 26.775205 
1.087000 12.475623 5.203000 29.933543 
1.087000 12.475623 5.203000 29.933543 
1.087000 12.059036 5.203000 27.764380 
1.087000 12.059036 5.203000 27.764380 
1.087000 11.767426 5.203000 26.785966 
1.087000 11.767426 5.203000 26.785966 
1.087000 11.563298 5.203000 25.351075 
1.087000 11.563298 5.203000 25.351075 
1.087000 11.420408 5.203000 24.616652 
1.087000 11.420408 5.203000 24.616652 
1.087000 11.320386 5.203000 24.792558 
1.087000 11.320386 5.203000 24.792558 
1.087000 11.250370 5.203000 25.245690 
1.087000 11.250370 5.203000 25.245690 
1.087000 11.201359 5.203000 25.562882 
1.087000 11.201359 5.203000 25.562882 
1.087000 11.167051 5.203000 24.314917 
1.087000 11.167051 5.203000 24.314917 
1.087000 11.143036 5.203000 23.591342 
1.087000 11.143036 5.203000 23.591342 
1.087000 11.126226 5.203000 105.374837 
1.087000 11.126226 5.203000 105.374837 
1.087000 23.624458 5.203000 119.723287 
1.087000 23.624458 5.203000 119.723287 
1.087000 19.863220 5.203000 90.467198 
1.087000 19.863220 5.203000 90.467198 
1.087000 17.230354 5.203000 79.227940 
1.087000 17.230354 5.203000 79.227940 
1.087000 15.387348 5.203000 62.450459 
1.087000 15.387348 5.203000 62.450459 
1.087000 14.097243 5.203000 51.576222 
1.087000 14.097243 5.203000 51.576222 
1.087000 13.194170 5.203000 44.174256 
1.087000 13.194170 5.203000 44.174256 
1.087000 12.562019 5.203000 40.402879 
1.087000 12.562019 5.203000 40.402879 
1.087000 12.119514 5.203000 35.632914 
1.087000 12.119514 5.203000 35.632914 
1.087000 11.809759 5.203000 31.483941 
1.087000 11.809759 5.203000 31.483941 
1.087000 11.592932 5.203000 29.569659 
1.087000 11.592932 5.203000 29.569659 
1.087000 11.441153 5.203000 28.769662 
1.087000 11.441153 5.203000 28.769662 
1.087000 11.334907 5.203000 29.529664 
1.087000 11.334907 5.203000 29.529664 
1.087000 11.260534 5.203000 28.051665 
1.087000 11.260534 5.203000 28.051665 
1.087000 11.208474 5.203000 27.617066 
1.087000 11.208474 5.203000 27.617066 
1.087000 11.172032 5.203000 30.222846 
1.087000 11.172032 5.203000 30.222846 
1.087000 21.166523 5.203000 30.156892 
1.087000 21.166523 5.203000 30.156892 
1.087000 18.142666 5.203000 28.550725 
1.087000 18.142666 5.203000 28.550725 
1.087000 16.025966 5.203000 37.206407 
1.087000 16.025966 5.203000 37.206407 
1.087000 14.544276 5.203000 33.365384 
1.087000 14.544276 5.203000 33.365384 
1.087000 13.507094 5.203000 32.116670 
1.087000 13.507094 5.203000 32.116670 
1.087000 12.781065 5.203000 30.162568 
1.087000 12.781065 5.203000 30.162568 
1.087000 12.272845 5.203000 27.774697 
1.087000 12.272845 5.203000 27.774697 
1.087000 11.917091 5.203000 26.253188 
1.087000 11.917091 5.203000 26.253188 
1.087000 11.668064 5.203000 27.708131 
1.087000 11.668064 5.203000 27.708131 
1.087000 11.493745 5.203000 25.996591 
1.087000 11.493745 5.203000 25.996591 
1.087000 11.371721 5.203000 24.948514 
1.087000 11.371721 5.203000 24.948514 
1.087000 11.286305 5.203000 27.394860 
1.087000 11.286305 5.203000 27.394860 
1.087000 11.226513 5.203000 26.467301 
1.087000 11.226513 5.203000 26.467301 
1.087000 11.184659 5.203000 25.938010 
1.087000 11.184659 5.203000 25.938010 
1.087000 11.155361 5.203000 28.837506 
1.087000 11.155361 5.203000 28.837506 
1.087000 21.064852 5.203000 30.717154 
1.087000 21.064852 5.203000 30.717154 
1.087000 18.071497 5.203000 28.672908 
1.087000 18.071497 5.203000 28.672908 
1.087000 15.976148 5.203000 30.481934 
1.087000 15.976148 5.203000 30.481934 
1.087000 14.509403 5.203000 29.198255 
1.087000 14.509403 5.203000 29.198255 
1.087000 13.482682 5.203000 29.589679 
1.087000 12.763977 5.203000 27.133676 
1.087000 12.763977 5.203000 27.133676 
1.087000 12.763977 5.203000 27.133676 
1.087000 12.260884 5.203000 27.754474 
1.087000 11.908719 5.203000 26.149032 
1.087000 11.908719 5.203000 26.149032 
1.087000 11.662203 5.203000 26.585221 
1.087000 11.662203 5.203000 26.585221 
1.087000 11.489642 5.203000 25.630555 
1.087000 11.489642 5.203000 25.630555 
1.087000 11.368850 5.203000 25.892289 
1.087000 11.368850 5.203000 25.892289 
1.087000 11.284295 5.203000 24.995503 
1.087000 11.284295 5.203000 24.995503 
1.087000 11.225106 5.203000 24.727752 
1.087000 11.225106 5.203000 24.727752 
1.087000 11.183674 5.203000 28.350326 
1.087000 11.183674 5.203000 28.350326 
1.087000 11.183674 5.203000 28.350326 
1.087000 11.154672 5.203000 33.886128 
1.087000 21.184370 5.203000 30.381190 
1.087000 21.184370 5.203000 30.381190 
1.087000 18.155159 5.203000 29.457734 
1.087000 18.155159 5.203000 29.457734 
1.087000 16.034711 5.203000 27.701314 
1.087000 16.034711 5.203000 27.701314 
1.087000 14.550398 5.203000 25.751820 
1.087000 14.550398 5.203000 25.751820 
1.087000 13.511378 5.203000 27.777175 
1.087000 13.511378 5.203000 27.777175 
1.087000 12.784065 5.203000 26.524922 
1.087000 12.784065 5.203000 26.524922 
1.087000 12.274945 5.203000 27.598346 
1.087000 12.274945 5.203000 27.598346 
1.087000 11.918562 5.203000 26.699742 
1.087000 11.918562 5.203000 26.699742 
1.087000 11.669093 5.203000 25.770719 
1.087000 11.669093 5.203000 25.770719 
1.087000 11.494465 5.203000 26.590403 
1.087000 11.494465 5.203000 26.590403 
1.087000 11.372226 5.203000 26.264182 
1.087000 11.372226 5.203000 26.264182 
1.087000 11.286658 5.203000 26.215827 
1.087000 11.286658 5.203000 26.215827 
1.087000 11.226761 5.203000 32.811978 
1.087000 11.226761 5.203000 32.811978 
1.087000 11.184833 5.203000 30.379285 
1.087000 11.184833 5.203000 30.379285 
1.087000 11.184833 5.203000 30.379285 
1.087000 11.155483 5.203000 141.326398 
1.087000 33.334940 5.203000 108.679379 
1.087000 33.334940 5.203000 108.679379 
1.087000 26.660559 5.203000 83.906468 
1.087000 26.660559 5.203000 83.906468 
1.087000 21.988491 5.203000 65.515428 
1.087000 21.988491 5.203000 65.515428 
1.087000 18.718044 5.203000 54.681699 
1.087000 18.718044 5.203000 54.681699 
1.087000 16.758731 5.203000 48.148087 
1.087000 16.758731 5.203000 48.148087 
1.087000 15.177212 5.203000 40.214562 
1.087000 15.177212 5.203000 40.214562 
1.087000 13.950149 5.203000 37.841092 
1.087000 13.950149 5.203000 37.841092 
1.087000 13.091204 5.203000 35.789664 
1.087000 13.091204 5.203000 35.789664 
1.087000 12.489943 5.203000 32.943665 
1.087000 12.489943 5.203000 32.943665 
1.087000 12.069059 5.203000 31.401465 
1.087000 12.069059 5.203000 31.401465 
1.087000 11.774442 5.203000 31.821925 
1.087000 11.774442 5.203000 31.821925 
1.087000 11.568209 5.203000 28.996247 
1.087000 11.568209 5.203000 28.996247 
1.087000 11.423846 5.203000 28.338273 
1.087000 11.423846 5.203000 28.338273 
1.087000 11.322792 5.203000 30.547690 
1.087000 11.322792 5.203000 30.547690 
1.087000 11.252054 5.203000 31.014283 
1.087000 11.252054 5.203000 31.014283 
1.087000 19.272539 5.203000 29.480899 
1.087000 19.272539 5.203000 29.480899 
1.087000 16.816877 5.203000 30.507529 
1.087000 16.816877 5.203000 30.507529 
1.087000 15.097914 5.203000 29.516171 
1.087000 15.097914 5.203000 29.516171 
1.087000 13.894640 5.203000 27.802220 
1.087000 13.894640 5.203000 27.802220 
1.087000 13.052348 5.203000 26.782454 
1.087000 13.052348 5.203000 26.782454 
1.087000 12.462744 5.203000 26.488618 
1.087000 12.462744 5.203000 26.488618 
1.087000 12.050020 5.203000 26.192933 
1.087000 12.050020 5.203000 26.192933 
1.087000 11.761114 5.203000 24.995953 
1.087000 11.761114 5.203000 24.995953 
1.087000 11.558880 5.203000 27.098067 
1.087000 11.558880 5.203000 27.098067 
1.087000 11.417316 5.203000 25.569547 
1.087000 11.417316 5.203000 25.569547 
1.087000 11.318221 5.203000 26.449582 
1.087000 11.318221 5.203000 26.449582 
1.087000 11.248855 5.203000 26.285607 
1.087000 11.248855 5.203000 26.285607 
1.087000 11.200298 5.203000 26.920825 
1.087000 11.200298 5.203000 26.920825 
1.087000 11.166309 5.203000 25.595477 
1.087000 11.166309 5.203000 25.595477 
1.087000 11.142516 5.203000 34.327733 
1.087000 11.142516 5.203000 34.327733 
1.087000 20.965860 5.203000 31.440312 
1.087000 20.965860 5.203000 31.440312 
1.087000 18.002203 5.203000 28.759118 
1.087000 18.002203 5.203000 28.759118 
1.087000 15.927642 5.203000 27.812283 
1.087000 15.927642 5.203000 27.812283 
1.087000 14.475450 5.203000 28.199498 
1.087000 14.475450 5.203000 28.199498 
1.087000 13.458915 5.203000 26.460549 
1.087000 13.458915 5.203000 26.460549 
1.087000 12.747340 5.203000 25.183284 
1.087000 12.747340 5.203000 25.183284 
1.087000 12.249238 5.203000 24.589198 
1.087000 12.249238 5.203000 24.589198 
1.087000 11.900566 5.203000 27.533339 
1.087000 11.900566 5.203000 27.533339 
1.087000 11.656496 5.203000 28.364238 
1.087000 11.656496 5.203000 28.364238 
1.087000 11.485647 5.203000 28.165866 
1.087000 11.485647 5.203000 28.165866 
1.087000 11.366053 5.203000 29.527005 
1.087000 11.366053 5.203000 29.527005 
1.087000 11.282337 5.203000 31.469804 
1.087000 11.282337 5.203000 31.469804 
1.087000 11.223736 5.203000 29.319762 
1.087000 11.223736 5.203000 29.319762 
1.087000 11.182716 5.203000 27.304734 
1.087000 11.182716 5.203000 27.304734 
1.087000 11.154001 5.203000 30.274215 
1.087000 11.154001 5.203000 30.274215 
1.087000 17.523901 5.203000 28.452849 
1.087000 17.523901 5.203000 28.452849 
1.087000 15.592831 5.203000 26.727895 
1.087000 15.592831 5.203000 26.727895 
1.087000 15.021082 5.203000 25.370427 
1.087000 15.021082 5.203000 25.370427 
1.087000 13.840858 5.203000 28.260199 
1.087000 13.840858 5.203000 28.260199 
1.087000 13.014700 5.203000 29.383038 
1.087000 13.014700 5.203000 29.383038 
1.087000 12.436390 5.203000 29.449027 
1.087000 12.436390 5.203000 29.449027 
1.087000 12.031573 5.203000 27.455218 
1.087000 12.031573 5.203000 27.455218 
1.087000 11.748201 5.203000 28.729552 
1.087000 11.748201 5.203000 28.729552 
1.087000 11.549841 5.203000 30.281587 
1.087000 11.549841 5.203000 30.281587 
1.087000 11.410989 5.203000 29.178010 
1.087000 11.410989 5.203000 29.178010 
1.087000 11.313792 5.203000 34.795506 
1.087000 11.313792 5.203000 34.795506 
1.087000 11.245754 5.203000 32.427754 
1.087000 11.245754 5.203000 32.427754 
1.087000 11.198128 5.203000 30.440328 
1.087000 11.198128 5.203000 30.440328 
1.087000 11.164789 5.203000 27.849130 
1.087000 11.164789 5.203000 27.849130 
1.087000 11.141453 5.203000 51.655290 
1.087000 11.141453 5.203000 51.655290 
1.087000 15.145117 5.203000 45.549603 
1.087000 15.145117 5.203000 45.549603 
1.087000 13.927682 5.203000 40.015622 
1.087000 13.927682 5.203000 40.015622 
1.087000 13.075478 5.203000 34.671836 
1.087000 13.075478 5.203000 34.671836 
1.087000 12.478934 5.203000 32.191186 
1.087000 12.478934 5.203000 32.191186 
1.087000 12.061354 5.203000 30.454730 
1.087000 12.061354 5.203000 30.454730 
1.087000 11.769048 5.203000 29.149211 
1.087000 11.769048 5.203000 29.149211 
1.087000 11.564433 5.203000 29.675347 
1.087000 11.564433 5.203000 29.675347 
1.087000 11.421204 5.203000 29.383643 
1.087000 11.421204 5.203000 29.383643 
1.087000 11.320943 5.203000 28.039451 
1.087000 11.320943 5.203000 28.039451 
1.087000 11.250760 5.203000 29.288516 
1.087000 11.250760 5.203000 29.288516 
1.087000 11.201632 5.203000 31.242862 
1.087000 11.201632 5.203000 31.242862 
1.087000 11.167242 5.203000 30.690904 
1.087000 11.167242 5.203000 30.690904 
1.087000 11.143170 5.203000 30.034532 
1.087000 11.143170 5.203000 30.034532 
1.087000 11.126319 5.203000 30.085072 
1.087000 11.126319 5.203000 30.085072 
1.087000 11.114523 5.203000 32.610450 
1.087000 11.114523 5.203000 32.610450 
1.087000 18.936266 5.203000 29.608214 
1.087000 18.936266 5.203000 29.608214 
1.087000 18.936266 5.203000 29.608214 
1.087000 18.936266 5.203000 29.608214 
1.087000 14.933140 5.203000 29.074555 
1.087000 14.933140 5.203000 29.074555 
1.087000 13.779298 5.203000 28.153089 
1.087000 13.779298 5.203000 28.153089 
1.087000 12.971608 5.203000 27.028062 
1.087000 12.971608 5.203000 27.028062 
1.087000 12.406225 5.203000 26.570542 
1.087000 12.406225 5.203000 26.570542 
1.087000 12.010458 5.203000 25.320279 
1.087000 12.010458 5.203000 25.320279 
1.087000 11.733420 5.203000 25.645095 
1.087000 11.733420 5.203000 25.645095 
1.087000 11.539495 5.203000 26.502465 
1.087000 11.539495 5.203000 26.502465 
1.087000 11.403746 5.203000 27.072625 
1.087000 11.403746 5.203000 27.072625 
1.087000 11.308722 5.203000 26.091737 
1.087000 11.308722 5.203000 26.091737 
1.087000 11.242205 5.203000 26.215115 
1.087000 11.242205 5.203000 26.215115 
1.087000 11.195644 5.203000 26.841481 
1.087000 11.195644 5.203000 26.841481 
1.087000 11.163051 5.203000 26.379937 
1.087000 11.163051 5.203000 26.379937 
1.087000 11.140236 5.203000 32.716855 
1.087000 11.140236 5.203000 32.716855 
1.087000 17.124266 5.203000 31.062699 
1.087000 17.124266 5.203000 31.062699 
1.087000 15.313086 5.203000 29.124789 
1.087000 15.313086 5.203000 29.124789 
1.087000 14.045260 5.203000 27.228253 
1.087000 14.045260 5.203000 27.228253 
1.087000 13.157782 5.203000 27.940677 
1.087000 13.157782 5.203000 27.940677 
1.087000 12.536547 5.203000 26.459374 
1.087000 12.536547 5.203000 26.459374 
1.087000 12.101683 5.203000 25.692462 
1.087000 12.101683 5.203000 25.692462 
1.087000 11.797278 5.203000 26.865622 
1.087000 11.797278 5.203000 26.865622 
1.087000 11.584194 5.203000 25.466836 
1.087000 11.584194 5.203000 25.466836 
1.087000 11.885036 5.203000 25.537684 
1.087000 11.885036 5.203000 25.537684 
1.087000 11.645625 5.203000 24.717278 
1.087000 11.645625 5.203000 24.717278 
1.087000 11.478038 5.203000 30.802995 
1.087000 11.478038 5.203000 30.802995 
1.087000 11.360726 5.203000 28.042996 
1.087000 11.360726 5.203000 28.042996 
1.087000 11.278608 5.203000 28.780997 
1.087000 11.278608 5.203000 28.780997 
1.087000 11.221126 5.203000 26.807599 
1.087000 11.221126 5.203000 26.807599 
1.087000 11.180888 5.203000 32.566218 
1.087000 11.180888 5.203000 32.566218 
1.087000 17.602722 5.203000 29.397252 
1.087000 17.602722 5.203000 29.397252 
1.087000 15.648006 5.203000 31.108975 
1.087000 15.648006 5.203000 31.108975 
1.087000 14.279704 5.203000 32.667182 
1.087000 14.279704 5.203000 32.667182 
1.087000 13.321893 5.203000 31.567927 
1.087000 13.321893 5.203000 31.567927 
1.087000 12.651425 5.203000 28.758449 
1.087000 12.651425 5.203000 28.758449 
1.087000 12.182098 5.203000 26.641814 
1.087000 12.182098 5.203000 26.641814 
1.087000 11.853568 5.203000 27.980170 
1.087000 11.853568 5.203000 27.980170 
1.087000 11.623598 5.203000 27.387019 
1.087000 11.623598 5.203000 27.387019 
1.087000 11.462619 5.203000 26.881814 
1.087000 11.462619 5.203000 26.881814 
1.087000 11.349934 5.203000 26.048169 
1.087000 11.349934 5.203000 26.048169 
1.087000 11.271053 5.203000 25.764619 
1.087000 11.271053 5.203000 25.764619 
1.087000 11.215838 5.203000 25.086133 
1.087000 11.215838 5.203000 25.086133 
1.087000 11.177186 5.203000 26.261193 
1.087000 11.177186 5.203000 26.261193 
1.087000 11.150130 5.203000 26.393735 
1.087000 11.150130 5.203000 26.393735 
1.087000 11.131191 5.203000 31.436515 
1.087000 11.131191 5.203000 31.436515 
1.087000 42.917933 5.203000 42.346459 
1.087000 42.917933 5.203000 42.346459 
1.087000 33.368654 5.203000 36.963422 
1.087000 33.368654 5.203000 36.963422 
1.087000 26.684158 5.203000 34.875295 
1.087000 26.684158 5.203000 34.875295 
1.087000 22.005011 5.203000 31.553607 
1.087000 22.005011 5.203000 31.553607 
1.087000 18.729607 5.203000 29.528424 
1.087000 18.729607 5.203000 29.528424 
1.087000 16.436825 5.203000 28.200797 
1.087000 16.436825 5.203000 28.200797 
1.087000 14.831878 5.203000 27.481458 
1.087000 14.831878 5.203000 27.481458 
1.087000 13.708414 5.203000 26.227921 
1.087000 13.708414 5.203000 26.227921 
1.087000 12.921990 5.203000 26.610444 
1.087000 12.921990 5.203000 26.610444 
1.087000 12.371492 5.203000 26.878211 
1.087000 12.371492 5.203000 26.878211 
1.087000 11.986145 5.203000 27.245648 
1.087000 11.986145 5.203000 27.245648 
1.087000 11.716401 5.203000 27.202853 
1.087000 11.716401 5.203000 27.202853 
1.087000 11.527580 5.203000 29.122897 
1.087000 11.527580 5.203000 29.122897 
1.087000 11.395406 5.203000 27.226928 
1.087000 11.395406 5.203000 27.226928 
1.087000 11.302884 5.203000 32.379750 
1.087000 11.302884 5.203000 32.379750 
1.087000 16.608119 5.203000 29.746724 
1.087000 16.608119 5.203000 29.746724 
1.087000 14.951783 5.203000 30.573607 
1.087000 14.951783 5.203000 30.573607 
1.087000 13.792348 5.203000 29.022426 
1.087000 13.792348 5.203000 29.022426 
1.087000 12.980744 5.203000 27.216597 
1.087000 12.980744 5.203000 27.216597 
1.087000 12.412621 5.203000 27.992518 
1.087000 12.412621 5.203000 27.992518 
1.087000 12.014935 5.203000 28.325663 
1.087000 12.014935 5.203000 28.325663 
1.087000 11.736554 5.203000 26.488864 
1.087000 11.736554 5.203000 26.488864 
1.087000 11.541688 5.203000 28.173104 
1.087000 11.541688 5.203000 28.173104 
1.087000 11.405281 5.203000 27.222073 
1.087000 11.405281 5.203000 27.222073 
1.087000 11.309796 5.203000 25.866351 
1.087000 11.309796 5.203000 25.866351 
1.087000 11.242957 5.203000 24.707345 
1.087000 11.242957 5.203000 24.707345 
1.087000 11.196170 5.203000 27.466042 
1.087000 11.196170 5.203000 27.466042 
1.087000 11.163419 5.203000 26.037129 
1.087000 11.163419 5.203000 26.037129 
1.087000 11.140493 5.203000 26.506890 
1.087000 11.140493 5.203000 26.506890 
1.087000 11.140493 5.203000 26.506890 
1.087000 11.140493 5.203000 26.506890 
1.087000 16.993212 5.203000 27.428906 
1.087000 16.993212 5.203000 27.428906 
1.087000 15.221348 5.203000 27.691134 
1.087000 15.221348 5.203000 27.691134 
1.087000 13.981044 5.203000 26.884694 
1.087000 13.981044 5.203000 26.884694 
1.087000 13.112831 5.203000 28.480185 
1.087000 13.112831 5.203000 28.480185 
1.087000 12.505082 5.203000 26.537030 
1.087000 12.505082 5.203000 26.537030 
1.087000 12.079658 5.203000 27.336821 
1.087000 12.079658 5.203000 27.336821 
1.087000 11.781860 5.203000 25.976676 
1.087000 11.781860 5.203000 25.976676 
1.087000 11.573403 5.203000 26.404572 
1.087000 11.573403 5.203000 26.404572 
1.087000 11.427482 5.203000 25.594100 
1.087000 11.427482 5.203000 25.594100 
1.087000 11.325338 5.203000 25.146769 
1.087000 11.325338 5.203000 25.146769 
1.087000 11.253836 5.203000 24.713639 
1.087000 11.253836 5.203000 24.713639 
1.087000 11.253836 5.203000 24.713639 
1.087000 11.253836 5.203000 24.713639 
1.087000 11.168750 5.203000 23.667214 
1.087000 11.168750 5.203000 23.667214 
1.087000 11.144225 5.203000 24.307950 
1.087000 11.144225 5.203000 24.307950 
1.087000 11.127058 5.203000 29.466464 
1.087000 11.127058 5.203000 29.466464 
1.087000 17.715040 5.203000 27.377425 
1.087000 17.715040 5.203000 27.377425 
1.087000 15.726628 5.203000 25.675097 
1.087000 15.726628 5.203000 25.675097 
1.087000 14.334740 5.203000 24.633468 
1.087000 14.334740 5.203000 24.633468 
1.087000 13.360417 5.203000 26.904328 
1.087000 13.360417 5.203000 26.904328 
1.087000 12.678393 5.203000 28.163930 
1.087000 12.678393 5.203000 28.163930 
1.087000 12.200975 5.203000 27.035651 
1.087000 12.200975 5.203000 27.035651 
1.087000 11.866782 5.203000 25.675855 
1.087000 11.866782 5.203000 25.675855 
1.087000 11.632848 5.203000 28.803998 
1.087000 11.632848 5.203000 28.803998 
1.087000 11.469093 5.203000 28.083699 
1.087000 11.469093 5.203000 28.083699 
1.087000 11.354466 5.203000 28.089490 
1.087000 11.354466 5.203000 28.089490 
1.087000 11.274226 5.203000 28.423543 
1.087000 11.274226 5.203000 28.423543 
1.087000 11.218059 5.203000 26.587380 
1.087000 11.218059 5.203000 26.587380 
1.087000 11.178742 5.203000 25.632066 
1.087000 11.178742 5.203000 25.632066 
1.087000 11.151219 5.203000 24.873345 
1.087000 11.151219 5.203000 24.873345 
1.087000 11.151219 5.203000 24.873345 
1.087000 11.131953 5.203000 318.972257 
1.087000 11.131953 5.203000 318.972257 
1.087000 34.878466 5.203000 230.091474 
1.087000 34.878466 5.203000 230.091474 
1.087000 27.741026 5.203000 171.834927 
1.087000 27.741026 5.203000 171.834927 
1.087000 22.744818 5.203000 128.445348 
1.087000 22.744818 5.203000 128.445348 
1.087000 19.247473 5.203000 98.372647 
1.087000 19.247473 5.203000 98.372647 
1.087000 16.799331 5.203000 77.111752 
1.087000 16.799331 5.203000 77.111752 
1.087000 15.085631 5.203000 62.109128 
1.087000 15.085631 5.203000 62.109128 
1.087000 13.886042 5.203000 50.317288 
1.087000 13.886042 5.203000 50.317288 
1.087000 13.046330 5.203000 43.443002 
1.087000 13.046330 5.203000 43.443002 
1.087000 12.458531 5.203000 37.581002 
1.087000 12.458531 5.203000 37.581002 
1.087000 12.047072 5.203000 34.767602 
1.087000 12.047072 5.203000 34.767602 
1.087000 11.759050 5.203000 33.038220 
1.087000 11.759050 5.203000 33.038220 
1.087000 11.557435 5.203000 30.837655 
1.087000 11.557435 5.203000 30.837655 
1.087000 11.416305 5.203000 30.407258 
1.087000 11.416305 5.203000 30.407258 
1.087000 11.317514 5.203000 27.645980 
1.087000 11.317514 5.203000 27.645980 
1.087000 11.248360 5.203000 30.633086 
1.087000 11.248360 5.203000 30.633086 
1.087000 11.199952 5.203000 29.184060 
1.087000 11.199952 5.203000 29.184060 
1.087000 11.166066 5.203000 27.929742 
1.087000 11.166066 5.203000 27.929742 
1.087000 11.142346 5.203000 27.111720 
1.087000 11.142346 5.203000 27.111720 
1.087000 11.125742 5.203000 28.879104 
1.087000 11.125742 5.203000 28.879104 
1.087000 11.114120 5.203000 26.966271 
1.087000 11.114120 5.203000 26.966271 
1.087000 11.105984 5.203000 27.577290 
1.087000 11.105984 5.203000 27.577290 
1.087000 11.100288 5.203000 26.745004 
1.087000 11.100288 5.203000 26.745004 
1.087000 11.096302 5.203000 25.742402 
1.087000 11.096302 5.203000 25.742402 
1.087000 11.093512 5.203000 24.650582 
1.087000 11.093512 5.203000 24.650582 
1.087000 11.091559 5.203000 26.226308 
1.087000 11.091559 5.203000 26.226308 
1.087000 11.090191 5.203000 26.669316 
1.087000 11.090191 5.203000 26.669316 
1.087000 11.089234 5.203000 26.769422 
1.087000 11.089234 5.203000 26.769422 
1.087000 11.088563 5.203000 28.879495 
1.087000 11.088563 5.203000 28.879495 
1.087000 11.088094 5.203000 26.816546 
1.087000 11.088094 5.203000 26.816546 
1.087000 11.087766 5.203000 26.092482 
1.087000 11.087766 5.203000 26.092482 
1.087000 11.087536 5.203000 25.255637 
1.087000 11.087536 5.203000 25.255637 
1.087000 11.087375 5.203000 24.759847 
1.087000 11.087375 5.203000 24.759847 
1.087000 11.087375 5.203000 24.759847 
1.087000 11.087375 5.203000 24.759847 
1.087000 11.087183 5.203000 24.604854 
1.087000 11.087183 5.203000 24.604854 
1.087000 11.087128 5.203000 23.704297 
1.087000 11.087128 5.203000 23.704297 
1.087000 11.087090 5.203000 27.033908 
1.087000 11.087090 5.203000 27.033908 
1.087000 11.087063 5.203000 25.524636 
1.087000 11.087063 5.203000 25.524636 
1.087000 11.087044 5.203000 25.878146 
1.087000 11.087044 5.203000 25.878146 
1.087000 11.087031 5.203000 25.825602 
1.087000 11.087031 5.203000 25.825602 
1.087000 11.087021 5.203000 24.918822 
1.087000 11.087021 5.203000 24.918822 
1.087000 11.087014 5.203000 26.414075 
1.087000 11.087014 5.203000 26.414075 
1.087000 11.087010 5.203000 27.010753 
1.087000 11.087010 5.203000 27.010753 
1.087000 11.087007 5.203000 28.028428 
1.087000 11.087007 5.203000 28.028428 
1.087000 11.087007 5.203000 28.028428 
1.087000 11.087007 5.203000 28.028428 
1.087000 11.087004 5.203000 25.126460 
1.087000 11.087004 5.203000 25.126460 
1.087000 11.087003 5.203000 28.539422 
1.087000 11.087003 5.203000 28.539422 
1.087000 11.087003 5.203000 28.539422 
1.087000 11.087003 5.203000 28.539422 
1.087000 11.087001 5.203000 27.209847 
1.087000 11.087001 5.203000 27.209847 
1.087000 11.087001 5.203000 27.209847 
1.087000 11.087001 5.203000 27.209847 
1.087000 11.087001 5.203000 27.209847 
1.087000 11.087001 5.203000 27.209847 
1.087000 11.087001 5.203000 27.209847 
1.087000 11.087001 5.203000 27.209847 
1.087000 11.087001 5.203000 27.209847 
1.087000 11.087001 5.203000 27.209847 
1.087000 11.087001 5.203000 27.209847 
1.087000 11.087001 5.203000 27.209847 
1.087000 11.087001 5.203000 27.209847 
1.087000 11.087001 5.203000 27.209847 
1.087000 11.087001 5.203000 27.209847 
1.087000 11.087001 5.203000 27.209847 
1.087000 11.087001 5.203000 27.209847 
1.087000 11.087001 5.203000 27.209847 
1.087000 11.087001 5.203000 27.209847 
1.087000 11.087001 5.203000 27.209847 
1.087000 11.087001 5.203000 27.209847 
1.087000 11.087001 5.203000 27.209847 
1.087000 11.087001 5.203000 27.209847 
