0.829 25.829 1.065 51.065
0.543 21.043 1.262 41.002
1.281 21.781 2.993 42.733
0.799 18.149 2.491 37.569
0.828 18.178 2.049 37.127
0.517 15.662 2.984 33.0886
0.805 15.95 2.63 32.7346
1.131 14.7325 2.134 28.5172
0.747 14.3485 1.464 27.8472
0.841 13.3621 1.528 25.1263
0.641 13.1621 1.47 25.0683
1.243 13.0077 5.661 26.4998
1.144 12.9087 3.092 23.9308
1.861 13.0963 5.147 24.3841
0.488 11.7233 2.019 21.2561
10.556 21.4207 19.911 40.457
1.479 12.3437 10.721 31.267
1.144 11.7493 4.096 24.5682
1.109 11.7143 4.916 25.3882
12.804 23.2277 16.892 37.4625
3.011 13.4347 17.065 37.6355
1.975 12.2716 2.681 21.9404
0.932 11.2286 1.516 20.7754
0.491 10.6986 1.127 20.3686
0.586 10.7936 11.181 30.4226
0.672 10.8173 1.407 20.6961
0.832 10.9773 3.496 22.7851
0.652 10.7537 1.244 20.9864
0.483 10.5847 1.172 20.9144
1.204 11.2752 2.176 22.8957
4.49 14.5612 6.063 26.7827
0.741 10.7908 1.785 20.6688
18.004 28.0538 19.499 38.3828
0.59 10.6249 1.547 19.8056
3.083 13.1179 2.832 21.0906
2.175 12.1994 6.962 25.353
0.853 10.8774 1.563 19.954
36.592 46.6091 39.391 57.3647
1.84 11.8571 2.442 20.4157
1.07 11.082 2.064 18.9056
0.69 10.702 1.309 18.1506
0.667 10.6754 1.751 18.2201
1.499 11.5074 3.337 19.8061
1.806 11.8119 4.997 22.1654
0.859 10.8649 1.606 18.7744
0.728 10.7321 1.481 17.8489
1.346 11.3501 3.19 19.5579
0.538 10.5409 1.323 16.8305
1.288 11.2909 3.063 18.5705
0.74 10.742 1.399 18.8843
0.552 10.554 1.519 19.0043
0.599 10.6004 1.14 18.3897
0.577 10.5784 1.409 18.6587
1.301 11.302 2.942 21.4068
0.656 10.657 1.539 20.0038
0.625 10.6257 1.317 19.1923
1.266 11.2667 2.999 20.8743
0.703 10.7035 1.47 18.2727
0.731 10.7315 1.448 18.2507
0.985 10.9853 1.855 20.2469
0.759 10.7593 1.558 19.9499
0.986 25.2962 1.859 18.9933
0.639 24.9492 5.765 22.8993
0.877 20.8942 2.151 19.215
0.821 20.8382 2.145 19.209
0.801 17.813 1.566 18.8508
1.874 18.886 2.601 19.8858
1.291 16.1994 2.481 21.0304
0.886 15.7944 1.398 19.9474
0.756 14.1919 1.586 19.0406
0.679 14.1149 1.378 18.8326
0.675 13.0801 2.314 19.9322
0.632 13.0371 1.237 18.8552
1.127 12.8106 2.036 18.8987
0.629 12.3126 1.55 18.4127
0.637 11.8155 1.678 20.9519
0.479 11.6575 1.338 20.6119
0.725 11.55 1.52 19.5717
3.704 14.529 8.834 26.8857
0.669 11.2465 1.502 19.5682
0.893 11.4705 5.656 23.7222
0.647 11.0512 3.376 27.5724
0.479 10.8832 3.567 27.7634
1.52 11.803 5.34 27.1674
1.95 12.233 5.805 27.6324
1.503 11.7011 7.644 27.9032
4.549 14.7471 6.567 26.8262
1.452 11.5907 1.618 20.6894
10.883 21.0217 15.137 34.2085
1.931 12.0281 4.544 24.134
7.019 17.1161 8.907 28.497
8.981 19.0489 9.842 27.965
1.835 11.9029 5.844 23.967
1.101 11.1486 11.087 28.3031
2.085 12.1326 12.308 29.5241
10.387 20.4203 11.002 30.3433
4.17 14.2033 7.119 26.4603
2.175 12.1983 3.884 23.5729
2.874 12.8973 4.747 24.4359
3.21 13.2263 3.211 21.5532
1.239 11.2553 3.181 21.5232
1.126 11.1374 1.927 20.0766
1.423 11.4344 2.239 20.3886
11.342 21.35 25.923 43.2477
1.362 11.37 2.182 19.5067
0.753 10.7586 1.447 18.9443
0.775 10.7806 1.593 19.0903
3.629 13.6329 4.428 21.5361
1.113 11.1169 1.833 18.9411
1.769 11.7717 3.141 19.3167
4.185 14.1877 6.187 22.3627
1.826 11.8279 3.791 19.614
0.575 10.5769 1.745 17.568
2.155 12.1563 2.514 21.3901
0.854 10.8553 1.604 20.4801
0.898 10.8989 2.039 19.4823
1.199 11.1999 3.641 21.0843
1.506 11.5067 2.966 21.0563
4.073 14.0737 5.516 23.6063
0.562 10.5625 1.403 18.5362
1.304 11.3045 1.974 19.1072
0.79 10.7903 2.525 21.9582
0.628 10.6283 2.499 21.9322
1.047 11.0472 4.061 23.9043
0.701 10.7012 4.027 23.8703
1.19 11.1902 17.112 36.2223
1.079 11.0792 2.124 21.2343
0.552 10.5521 1.127 18.9742
0.676 10.6761 1.387 19.2342
3.226 13.2261 6.095 22.698
0.579 10.5791 1.559 18.162
1.323 11.3231 1.994 18.4161
1.266 11.2661 3.505 19.9271
0.663 10.663 1.448 17.7435
0.726 10.726 1.994 18.2895
0.789 10.789 1.582 18.7188
0.806 10.806 1.55 18.6868
0.596 10.596 1.863 19.8888
0.833 10.833 1.576 19.6018
0.497 10.497 2.417 19.3251
0.766 10.766 1.419 18.3271
0.864 10.864 1.547 17.9126
0.736 10.736 1.411 17.7766
0.667 10.667 1.967 19.4829
0.8 10.8 1.535 19.0509
0.836 10.836 1.715 18.4462
0.697 10.697 1.387 18.1182
0.773 10.773 1.513 20.3648
1.758 11.758 2.535 21.3868
3.166 13.166 4.024 21.7503
1.841 11.841 5.241 22.9673
1.154 11.154 4.101 23.9194
1.608 11.608 10.742 30.5604
0.681 10.681 1.395 19.4979
0.663 10.663 1.529 19.6319
1.233 11.233 3.052 20.224
1.05 11.05 1.672 18.844
2.489 12.489 25.344 41.8044
0.747 10.747 2.953 19.4134
1.383 11.383 3.28 21.5823
1.024 11.024 10.734 29.0363
3.056 13.056 6.246 23.8576
1.47 11.47 9.49 27.1016
0.616 10.616 5.387 21.9451
3.935 13.935 5.151 21.7091
2.562 12.562 4.729 20.7297
9.704 19.704 16.393 32.3937
12.609 22.609 15.712 32.1325
4.194 14.194 9.552 25.9725
2.184 12.184 11.247 27.6913
5.801 15.801 11.107 27.5513
1.847 11.847 4.528 20.599
3.443 13.443 8 24.071
1.456 11.456 4.493 20.1827
5.914 15.914 8.196 23.8857
5.731 15.731 6.917 23.9598
5.938 15.938 6.479 23.5218
15.887 25.887 15.866 34.456
0.793 10.793 1.575 20.165
0.726 10.726 14.012 31.405
1.855 11.855 13.312 30.705
4.999 14.999 8.474 27.2191
1.167 11.167 2.331 21.0761
0.701 10.701 1.49 19.2916
0.663 10.663 1.545 19.3466
0.644 10.644 1.862 19.0031
2.157 12.157 8.4 25.5411
0.766 10.766 1.509 18.3078
1.077 11.077 1.773 18.5718
7.449 17.449 11.955 30.4641
1.152 11.152 1.889 20.3981
0.579 10.579 2.379 22.0254
0.658 10.658 2.672 22.3184
7.016 17.016 8.607 27.6095
0.758 10.758 2.489 21.4915
0.648 10.648 1.373 18.8447
6.061 16.061 7.045 24.5167
1.785 11.785 3.472 19.9322
2.743 12.743 5.114 21.5742
1.016 11.016 3.681 19.7331
1.337 11.337 3.099 19.1511
8.21 18.21 11.931 28.8075
1.065 11.065 1.735 18.6115
0.634 10.634 1.505 19.8586
0.627 10.627 2.552 20.9056
0.695 10.695 1.493 19.6805
2.101 12.101 3.768 21.9555
0.729 10.729 1.736 19.2072
2.022 12.022 31.26 48.7312
5.161 15.161 11.562 28.1419
2.829 12.829 16.638 33.2179
1.004 11.004 3.621 23.5369
3.086 13.086 5.88 25.7959
1.137 11.137 4.059 23.5501
2.124 12.124 4.812 24.3031
6.746 16.746 8.99 29.2338
0.576 10.576 1.515 21.7588
4.85 14.85 7.921 26.9217
3.565 13.565 6.294 25.2947
2.36 12.36 7.56 25.8105
2.702 12.702 7.547 25.7975
1.712 11.712 5.856 23.0413
2.385 12.385 5.454 22.6393
5.118 15.118 8.844 26.0337
10.328 20.328 28.039 45.2287
3.99 13.99 4.93 21.6428
1.537 11.537 3.044 19.7568
1.812 11.812 2.631 19.01
11.922 21.922 13.706 30.085
3.493 13.493 12.786 29.8313
1.242 11.242 1.899 18.9443
4.184 14.184 9.335 25.7367
0.938 10.938 2.765 19.1667
21.674 31.674 27.663 45.6842
9.349 19.349 11.834 29.8552
0.476 10.476 1.194 18.9688
0.713 10.713 1.569 19.3438
4.643 14.643 9.256 27.2184
18.022 28.022 28.416 46.3784
0.862 10.862 2.853 19.8067
1.091 11.091 4.543 21.4967
0.9 10.9 1.819 21.6366
0.793 10.793 2.694 22.5116
0.598 10.598 1.308 19.9803
12.922 22.922 16.388 35.0603
1.291 11.291 3.106 22.0866
1.104 11.104 1.811 20.7916
1.174 11.174 1.847 22.6934
0.963 10.963 2.288 23.1344
0.609 10.609 2.249 25.5115
0.8 10.8 1.846 25.1085
3.543 13.543 6.089 26.7528
0.785 10.785 10.49 31.1537
0.774 10.774 1.372 20.1566
1.601 11.601 3.699 22.4836
6.363 16.363 7.023 27.4922
1.293 11.293 2.897 23.3662
1.061 11.061 1.889 21.5275
8.222 18.222 10.025 29.6635
0.81 10.81 2.491 21.0679
2.042 12.042 3.877 22.4539
1.634 11.634 4.414 22.9078
1.547 11.547 3.239 21.7328
4.627 14.627 8.34 28.3957
1.05 11.05 3.917 23.9727
0.649 10.649 1.333 19.632
0.703 10.703 1.515 19.814
0.615 10.615 2.528 20.3773
0.835 10.835 2.555 20.4043
0.765 10.765 1.581 19.6855
0.584 10.584 1.483 19.5875
0.76 10.76 1.596 18.8592
0.718 10.718 1.512 18.7752
0.623 10.623 1.555 18.1692
0.976 10.976 1.863 18.4772
0.946 10.946 1.675 19.1849
2.705 12.705 5.034 22.5439
0.571 10.571 1.189 17.706
1.223 11.223 3.07 19.587
1.378 11.378 3.456 22.2179
0.686 10.686 1.421 20.1829
0.552 10.552 1.414 19.3473
0.758 10.758 1.527 19.4603
1.704 11.704 2.967 20.1103
1.824 11.824 3.036 20.1793
5.314 15.314 12.433 30.6433
1.266 11.266 6.196 24.4063
0.944 10.944 7.364 25.1512
0.858 10.858 1.617 19.4042
5.042 15.042 32.393 49.1041
0.673 10.673 3.193 19.9041
7.847 17.847 11.389 27.4667
1.051 11.051 2.337 18.4147
8.822 18.822 19.49 36.9544
2.407 12.407 12.727 30.1914
1.608 11.608 6.307 22.7321
5.831 15.831 7.714 24.1391
3.83 13.83 6.632 23.7096
0.731 10.731 1.582 18.6596
12.475 22.475 15.338 32.3623
0.946 10.946 1.654 18.6783
0.773 10.773 1.559 18.5833
2.228 283.428 6.073 141.29
1.464 201.304 3.668 103.63
6.344 206.184 7.683 107.645
1.652 144.54 3.412 79.9553
1.861 144.749 5.664 82.2073
4.598 107.62 6.797 70.7573
0.642 103.664 1.504 65.4643
0.927 76.0421 1.844 52.8262
1.156 76.2711 3.988 54.9702
1.17 56.7506 2.042 43.0096
0.728 56.3086 6.772 47.7396
0.68 42.5864 2.495 37.0823
4.706 46.6124 11.958 46.5453
0.681 33.0155 2.015 33.3961
1.411 33.7455 2.354 33.7351
1.06 26.6941 2.858 30.0748
0.668 26.3021 1.436 28.6528
0.82 21.7639 1.581 26.5727
0.697 21.6409 2.619 27.6107
0.54 18.2007 1.403 27.4172
0.665 18.3257 1.782 27.7962
0.768 16.1305 1.661 27.461
0.647 16.0095 2 27.8
0.577 14.3308 1.685 25.865
0.631 14.3848 1.486 25.666
2.368 14.9956 4.297 26.173
0.603 13.2306 1.538 23.414
0.609 12.4483 1.528 22.1212
0.649 12.4883 1.385 21.9782
0.608 11.8955 1.978 23.7732
0.858 12.1455 1.475 23.2702
0.775 11.6763 1.449 24.7457
0.587 11.4883 1.467 24.7637
2.334 12.9649 4.407 26.2047
0.768 11.3989 1.573 23.3707
0.698 11.1396 2.074 22.7624
1.29 11.7316 2.207 22.8954
1.305 11.6141 2.43 23.4519
2.605 12.9141 3.252 24.2739
0.636 10.8524 1.282 22.5373
0.653 10.8694 1.463 22.7183
2.59 12.7415 5.628 28.4567
0.71 10.8615 1.593 24.4217
0.884 10.99 1.731 22.9011
0.82 10.926 1.717 22.8871
0.629 10.7032 1.468 24.3271
0.579 10.6532 1.296 24.1551
0.64 10.692 1.351 23.3223
0.638 10.69 1.304 23.2753
1.09 11.1264 1.981 22.7909
7.502 17.5384 10.635 31.4449
0.561 10.5865 1.199 22.456
3.234 13.2595 5.115 26.372
1.335 11.3528 3.996 25.4759
0.678 10.6958 1.743 23.2229
0.688 10.7005 2.577 22.8629
17.439 27.4515 38.935 59.2209
0.726 10.7347 12.741 32.0111
1.254 11.2627 4.318 23.5881
0.785 10.7911 2.139 20.5481
5.096 15.1021 7.914 26.3231
1.791 11.7953 2.832 20.8184
0.754 10.7583 1.435 19.4214
0.765 10.768 1.99 24.4805
10.759 20.762 22.927 45.4175
1.767 11.7691 8.313 28.7963
2.433 12.4351 3.455 23.9383
20.91 30.9115 25.233 46.1713
1.952 11.9535 6.999 27.9373
0.811 10.812 1.474 21.8908
4.355 14.356 8.56 28.9768
1.591 11.5917 4.52 25.5618
1.467 11.4677 3.669 24.7108
3.965 13.9655 6.847 27.3962
2.03 12.0305 5.931 26.4802
1.398 11.3984 4.837 24.9815
1.837 11.8374 4.449 24.5935
9.853 19.8532 13.412 34.3531
2.214 12.2142 4.521 25.4621
0.641 10.6412 2.566 22.4148
3.641 13.6412 3.661 23.5098
1.538 11.5381 2.412 21.4962
2.843 12.8431 6.089 25.1732
4.348 14.3481 8.317 28.8459
0.836 10.8361 1.537 22.0659
8.667 18.6671 9.385 29.1552
18.944 28.9441 21.969 41.7392
1.562 11.562 2.303 21.1822
1.377 11.377 3.591 22.4702
2.234 12.234 4.032 24.3574
2.249 12.249 10.737 31.0624
0.916 10.916 2.265 21.5328
1.436 11.436 3.329 22.5968
0.953 10.953 2.473 20.9405
0.981 10.981 1.727 20.1945
1.715 11.715 2.352 20.8292
4.43 14.43 5.749 24.2262
1.245 11.245 1.89 22.2041
0.858 10.858 2.214 22.5281
1.39 11.39 3.96 23.3398
2.404 12.404 4.188 23.5678
0.766 10.766 4.828 24.3939
0.92 10.92 2.797 22.3629
3.933 13.933 4.597 23.5731
4.739 14.739 6.129 25.1051
1.705 11.705 3.204 26.5973
0.526 10.526 1.336 24.7293
1.26 11.26 3.235 25.7003
1.963 11.963 8.058 30.5233
0.87 10.87 2.954 25.8797
0.995 10.995 2.385 25.3107
1.936 11.936 7.682 30.96
4.942 14.942 6.797 30.075
3.473 13.473 4.803 28.3276
0.899 10.899 1.562 25.0866
0.596 10.596 1.749 23.4662
1.472 11.472 2.243 23.9602
17.958 27.958 21.375 42.4571
0.596 10.596 1.258 22.3401
1.148 22.638 1.851 21.6484
0.957 22.447 8.526 28.3234
0.821 18.864 5.407 24.5752
1.123 19.166 1.868 21.0362
1.253 16.8831 6.689 28.1467
0.993 16.6231 3.074 24.5317
1.321 15.2621 2.734 22.7644
3.311 17.2521 4.109 24.1394
4.344 17.1027 5.082 25.6433
0.632 13.3907 5.706 26.2673
0.661 12.5921 2.532 21.9649
10.422 22.3531 16.024 35.4569
0.65 12.0018 1.414 22.877
0.667 12.0188 1.474 22.937
0.852 11.7983 1.764 21.6181
0.761 11.7073 1.517 21.3711
14.581 25.2434 17.129 37.6869
0.688 11.3504 1.529 22.0869
1.494 11.9577 3.027 23.8375
0.674 11.1377 1.412 22.2225
0.81 11.1346 3.14 23.7074
2.45 12.7746 3.564 24.1314
1.407 11.6342 4.804 26.0112
0.754 10.9812 1.604 22.8112
1.019 11.178 1.825 21.89
0.639 10.798 1.455 21.52
0.719 10.8303 1.675 21.9305
1.372 11.4833 2.983 23.2385
0.739 10.8169 1.528 20.9569
1.167 11.2449 2.383 21.8119
6.21 16.2645 9.88 28.8802
0.69 10.7445 1.39 20.3902
0.946 10.9842 1.799 20.3191
0.545 10.5832 1.394 19.9141
0.713 10.7397 5.212 27.5361
1.119 11.1457 6.745 29.0691
4.421 14.4397 6.024 26.9009
0.504 10.5227 4.48 25.3569
8.384 18.3971 12.954 33.8078
0.711 10.7241 8.001 28.8548
1.657 11.6662 4.181 24.1787
1.566 11.5752 3.971 23.9687
3.243 13.2494 6.485 28.2834
5.609 15.6154 7.819 29.6174
5.143 15.1475 9.463 30.7819
8.822 18.8265 10.457 31.7759
1.681 11.6841 4.091 25.0742
9.7 19.7031 12.55 33.5332
0.869 10.8712 1.719 21.4472
2.598 12.6002 5.264 24.9922
4.401 14.4025 9.833 31.2028
2.804 12.8055 12.863 34.2328
3.365 13.3661 4.25 26.0788
0.872 10.8731 2.436 24.2648
1.128 11.1288 2.897 25.1972
0.48 10.4808 2.193 24.4932
1.456 11.4565 3.683 28.9831
2.122 12.1225 9.701 35.0011
1.204 11.2044 3.089 27.4291
1.328 11.3284 2.895 27.2351
1.359 11.3593 2.081 23.8591
2.272 12.2723 4.411 26.1891
1.702 11.7022 2.535 23.3296
0.746 10.7462 3.058 23.8526
1.193 11.1931 3.034 26.4403
0.611 10.6111 1.513 24.9193
0.669 10.6691 2.513 24.5674
0.937 10.9371 1.685 23.7394
8.879 18.8791 8.965 31.1531
0.732 10.7321 1.456 23.6441
3.61 13.61 4.844 25.6856
0.813 10.813 1.591 22.4326
4.396 14.396 5.268 26.9372
0.714 10.714 1.447 23.1162
0.683 10.683 1.633 22.5614
0.685 10.685 1.508 22.4364
0.912 10.912 1.722 21.6819
0.698 10.698 2.437 22.3969
0.804 10.804 1.527 20.3289
0.652 10.652 1.522 20.3239
0.633 10.633 1.963 23.9143
2.257 12.257 4.477 26.4283
0.631 10.631 1.437 22.9229
0.639 10.639 1.715 23.2009
0.685 10.685 1.485 22.5552
0.727 10.727 2.916 23.9862
1.617 11.617 2.309 24.0481
3.196 13.196 4.763 26.5021
0.602 10.602 2.283 24.7904
0.838 10.838 2.681 25.1884
0.797 10.797 2.813 24.6582
0.81 10.81 1.649 23.4942
0.638 10.638 2.063 23.3246
1.225 11.225 3.941 25.2026
8.145 18.145 11.767 33.8201
1.251 11.251 2.846 24.8991
1.032 11.032 2.632 24.3092
0.499 10.499 3.639 25.3162
3.039 13.039 5.615 28.619
0.772 10.772 4.841 27.845
0.689 10.689 5.767 26.9698
0.602 10.602 1.39 22.5928
4.983 14.983 6.624 28.006
1.4 11.4 5.41 26.792
10.003 20.003 18.706 39.2234
1.399 11.399 3.748 24.2654
0.82 10.82 1.758 21.7602
3.901 13.901 7.223 27.2252
1.898 11.898 6.332 25.8235
1.859 11.859 4.32 23.8115
2.992 12.992 6.077 28.3011
1.697 11.697 4.677 26.9011
3.442 13.442 16.997 37.7738
1.532 11.532 6.703 27.4798
2.182 12.182 4.547 26.4708
10.014 20.014 32.327 54.2508
3.05 13.05 6.967 27.4737
8.515 18.515 11.634 32.1407
2.538 12.538 7.412 29.1167
13.204 23.204 18.435 40.1397
3.271 45.971 4.027 24.2303
1.993 44.693 5.872 26.0753
2.157 35.047 2.802 22.2543
8.49 41.38 16.064 35.5163
1.425 27.448 2.403 21.0896
9.175 35.198 10.554 29.2406
4.714 25.9301 5.518 25.1986
1.231 22.4471 2.779 22.4596
11.713 29.5643 13.092 33.5884
0.505 18.3563 1.089 21.5854
6.646 22.1419 7.642 26.7595
1.476 16.9719 3.328 22.4455
12.273 26.1201 13.579 32.2113
1.979 15.8261 3.49 22.1223
6.234 18.927 12.685 30.8576
13.697 26.39 17.449 35.6216
0.708 12.5931 5.161 25.4418
1.336 13.2211 3.197 23.4778
2.961 14.2806 3.861 23.6676
1.954 13.2736 10.027 29.8336
0.887 11.8107 1.605 20.8096
1.15 12.0737 2.495 21.6996
4.236 14.8826 4.494 22.8872
0.643 11.2896 1.981 20.3742
0.674 11.1266 1.976 22.0212
2.082 12.5346 2.183 22.2283
16.848 27.1648 22.485 42.7267
1.553 11.8698 1.783 22.0247
1.617 11.8388 3.405 24.5342
1.256 11.4778 1.896 23.0252
1.331 11.4862 1.878 23.2684
0.715 10.8702 1.433 22.8234
0.735 10.8437 1.476 21.9393
0.762 10.8707 1.576 22.0393
3.163 13.2391 20.677 40.3113
5.254 15.3301 10.655 30.2893
1.805 11.8582 3.989 27.663
5.752 15.8052 12.781 36.455
1.164 11.2013 3.194 25.4358
3.16 13.1973 3.81 26.0518
1.926 11.9521 2.988 24.7073
0.707 10.7331 1.451 23.1703
1.771 11.7893 2.804 23.6175
1.164 11.1823 1.86 22.6735
3.34 13.3528 10.607 32.1664
0.607 10.6198 1.276 22.8354
0.71 10.7189 2.994 24.2356
1.089 11.0979 4.014 25.2556
0.592 10.5983 1.594 23.7231
0.941 10.9473 2.54 24.6691
2.211 12.2154 3.189 26.7794
0.635 10.6394 1.434 25.0244
