5.265 30.265 45.33 95.33
2.009 22.509 3.028 43.248
0.6 21.1 2.594 42.814
1.358 18.708 1.607 36.871
1.097 18.447 1.774 37.038
0.802 15.947 3.331 43.2258
1.51 16.655 4.18 44.0748
0.604 14.2055 1.521 34.5474
0.917 14.5185 1.816 34.8424
4.487 41.6981 6.577 35.5755
1.654 38.8651 2.403 31.4015
0.689 29.7367 1.469 27.0179
1.096 30.1437 1.808 27.3569
1.306 24.6394 4.287 28.0512
4.584 27.9174 6.887 30.6512
0.818 20.1514 1.555 23.68
4.659 23.9924 8.179 30.304
0.698 17.2314 2.107 23.5645
1.258 17.7914 44.906 66.3635
2.896 17.4694 6.719 27.6492
0.72 15.2934 1.426 22.3562
0.648 13.8494 1.498 23.6492
0.749 13.9504 2.648 24.7992
0.859 13.0999 2.013 25.6788
2.024 14.2649 4.15 27.8158
0.554 12.1227 4.935 26.7811
1.512 13.0807 3.231 25.0771
1.079 12.1771 1.803 23.6052
1.415 12.5131 2.736 24.5382
0.765 11.5336 1.593 24.0846
6.135 16.9036 7.155 29.6466
1.686 12.2241 3.11 28.3941
1.138 11.6761 1.818 27.1021
0.726 11.1026 1.488 24.1669
0.648 11.0246 1.437 24.1159
0.604 10.8676 1.337 23.3922
1.817 12.0806 3.393 25.4482
1.42 11.6046 3.234 28.1826
1.356 11.5406 3.091 28.0396
0.555 10.6842 1.561 24.3051
1.285 11.4142 3.052 25.7961
0.629 10.7194 1.281 23.5018
0.603 10.6934 1.662 23.8828
1.573 11.6363 3.419 25.6336
1.799 11.8623 3.312 25.5266
5.574 15.6183 6.608 28.4282
0.633 10.6773 2.594 24.4142
0.83 10.861 1.479 22.8431
0.911 10.942 1.441 22.8051
1.804 11.8257 3.052 24.0969
1.479 11.5007 2.313 23.3579
1.386 11.4012 3.191 25.7224
1.198 11.2132 2.045 24.5764
256.032 266.043 261.193 282.245
2.369 12.3796 4.186 25.238
0.851 31.2584 1.568 22.5744
1.278 31.6854 4.034 25.0404
0.664 88.8492 1.35 21.8145
0.664 88.8492 3.931 24.3955
0.809 65.5386 3.475 23.0201
2.042 66.7716 9.367 28.9121
1.769 50.0798 4.173 24.8146
12.395 60.7058 14.331 34.9726
1.601 38.4185 3.871 24.8601
2.132 38.9495 6.697 27.6861
2.368 31.1403 4.395 26.7074
7.505 36.2773 7.511 29.8234
264.572 287.713 267.217 287.996
4.261 27.4016 4.38 25.1587
5.087 24.2854 7.478 30.9331
0.675 19.8734 3.108 26.5631
1.53 17.9689 4.17 25.5085
4.378 20.8169 6.071 27.4095
0.662 15.1692 8.53 29.197
1.574 16.0812 8.728 29.395
17.033 30.1881 17.727 37.2339
2.873 16.0281 2.904 22.4109
2.803 15.0115 3.726 23.8008
2.263 14.4715 2.852 22.9268
0.583 12.129 1.466 22.6884
0.694 12.24 1.452 22.6744
3.172 14.2542 18.834 40.0497
9.081 20.1632 10.251 31.4667
1.158 11.9155 1.87 22.961
8.206 18.9635 8.853 29.944
7.282 17.8123 8.885 31.5087
0.875 11.4053 13.071 35.6947
0.478 10.8492 1.3 22.1766
2.258 12.6292 6.485 27.3616
1.604 11.8638 3.453 23.4966
0.882 11.1418 2.67 22.7136
19.552 29.7339 26.467 45.6875
0.968 11.1499 1.639 20.8595
2.247 12.3743 3.074 23.4884
0.785 10.9123 1.628 22.0424
4.291 14.3801 5.096 26.6161
0.894 10.9831 1.591 23.1111
0.907 10.9694 2.705 23.019
1.431 11.4934 2.172 22.486
0.736 10.7797 1.548 20.8378
1.143 11.1867 1.994 21.2838
0.502 10.5326 1.157 22.5199
0.885 10.9156 1.5 22.8629
258.174 268.195 259.318 279.252
3.115 13.1364 3.092 23.026
0.976 10.991 2.717 22.2808
8.829 18.844 10.604 30.1678
0.59 10.6005 1.273 23.0377
1.279 11.2895 3.965 25.7297
0.623 10.6303 1.301 21.7263
1.745 11.7523 2.53 22.9553
0.664 10.6691 3.017 23.4047
0.625 10.6301 1.676 22.0637
0.703 10.7066 2.065 22.4564
0.713 10.7166 1.434 21.8254
3.167 13.1695 12.007 31.651
2.815 12.8175 3.954 23.598
0.779 10.7808 1.384 21.9148
0.763 10.7648 1.551 22.0818
1.809 11.8102 3.791 24.5525
0.817 10.8182 1.486 22.2475
1.327 11.3279 4.541 25.4341
0.685 10.6859 1.469 22.3621
1.19 11.1906 2.588 22.3732
1.302 11.3026 2.44 22.2252
1.892 11.8924 3.558 24.0976
1.033 11.0334 15.267 35.8066
0.718 10.7183 1.642 22.8897
0.836 10.8363 2.383 23.6307
0.732 10.7322 2.439 22.3524
3.278 13.2782 11.998 31.9114
43.323 53.3231 44.362 65.0514
5.504 15.5041 7.925 28.6144
8.03 18.0301 10.243 30.9056
0.792 10.7921 1.555 22.2176
0.695 10.6951 5.497 27.4008
0.593 10.5931 1.706 23.6098
0.587 10.587 2.37 23.1627
2.314 12.314 4.999 25.7917
4.099 14.099 6.571 26.6759
3.789 13.789 7.637 27.7419
4.037 14.037 11.5 35.2034
1.106 11.106 4.239 27.9424
47.474 57.474 53.587 75.4594
1.773 11.773 4.961 26.8334
1.367 11.367 10.429 31.2597
1.433 11.433 5.915 26.7457
2.825 12.825 17.789 41.6705
5.407 15.407 9.432 33.3135
2.368 12.368 28.093 50.72
5.195 15.195 9.621 32.248
1.927 11.927 4.343 25.9719
1.83 11.83 4.164 25.7929
1.853 11.853 5.915 29.1252
1.649 11.649 3.315 26.5252
3.648 13.648 6.599 30.0462
5.256 15.256 12.543 35.9902
1.511 11.511 2.955 24.558
5.616 15.616 6.798 28.401
0.731 10.731 2.415 27.3171
4.674 14.674 5.688 30.5901
1.98 11.98 5.887 28.2685
1.05 11.05 2.552 24.9335
3.295 13.295 3.368 24.855
13.564 23.564 16.323 37.81
6.13 16.13 6.945 28.0759
8.429 18.429 11.037 32.1679
9.195 19.195 17.441 37.4226
9.332 19.332 22.269 42.2506
0.863 10.863 1.633 22.9702
0.666 10.666 1.361 22.6982
1.045 11.045 2.344 23.82
0.868 10.868 2.069 23.545
1.261 11.261 5.153 28.8562
1.612 11.612 2.341 26.0442
0.641 28.191 1.456 89.7482
17.064 44.614 19.469 107.761
0.906 102.691 1.608 69.8926
0.472 102.257 1.648 69.9326
256.51 330.76 256.5 309.909
3.31 77.5595 5.183 58.5922
1.021 55.9957 1.854 46.2604
1.833 56.8077 3.532 47.9384
2.267 43.7493 3.182 39.9665
0.8 42.2823 5.671 42.4555
0.665 32.7026 5.128 37.9572
12.252 44.2896 48.267 81.0962
3.466 28.8923 6.604 36.2744
1.418 26.8443 2.031 31.7014
2.082 22.8804 10.31 36.1493
2.361 23.1594 4.028 29.8673
0.598 18.1569 1.443 24.4805
0.835 18.3939 1.644 24.6815
1.518 16.8092 2.205 24.1812
0.785 16.0762 1.755 23.7312
0.878 14.5819 7.702 28.0054
0.755 14.4589 2.713 23.0164
1.468 14.0607 3.285 24.5774
0.683 13.2757 2.598 23.8904
0.652 12.4669 1.55 22.8747
274.842 286.112 275.511 300.698
0.73 12.0004 1.077 26.2643
2.102 13.3724 3.563 28.7503
0.695 11.5843 1.496 24.5871
0.591 11.4803 1.27 24.3611
3.393 14.0155 6.144 30.3178
1.546 12.1685 4.964 29.1378
7.317 17.7528 10.858 34.8296
1.938 12.3738 3.885 27.8566
1.597 11.902 12.543 35.0831
13.579 23.884 16.179 38.7191
18.149 28.3625 19.85 42.1381
1.209 11.4225 4.259 26.5471
9.579 19.7285 26.416 49.8177
0.906 11.0555 2.52 25.9217
1.343 11.4476 2.314 26.2252
4.054 14.1586 5.475 29.3862
3.95 14.0232 4.706 28.7938
1.364 11.4372 3.013 27.1008
4.042 14.0933 4.638 28.2795
9.565 19.6163 38.198 61.8395
222.579 232.615 548.329 571.598
1.112 11.1479 1.875 25.144
0.804 10.8291 2.506 24.3143
0.751 10.7761 1.717 23.5253
7.259 17.2766 19.891 40.6768
1.594 11.6116 4.4 25.1858
0.538 10.5503 1.193 25.8831
2.336 12.3483 11.893 36.5831
1.16 11.1686 3.135 29.2981
0.989 10.9976 1.782 27.9451
0.595 10.601 1.408 24.8221
1.801 11.807 5.523 28.9371
0.888 10.8922 2.83 26.2099
0.852 10.8562 1.815 25.1949
0.625 10.628 2.029 26.0449
3.387 13.39 5.471 29.4869
5.99 15.9921 9.558 32.5791
0.576 10.5781 1.185 24.2061
0.588 10.5894 1.269 25.2138
0.698 10.6994 1.507 25.4518
1.173 11.174 2.958 26.0494
1.013 11.014 1.645 24.7364
3.243 13.2437 3.985 25.759
0.666 10.6667 1.384 23.158
0.965 10.9655 8.565 28.7568
0.647 10.6475 1.579 21.7708
255.068 265.068 256.083 277.597
2.841 12.8413 4.162 25.6762
11.073 21.0732 13.994 34.334
10.426 20.4262 15.639 35.979
1.26 11.2602 2.316 22.734
1.088 11.0882 5.183 25.601
2.987 12.9871 5.262 25.3446
1.458 11.4581 2.109 22.1916
0.75 10.7501 1.403 20.1408
1.886 11.8861 3.394 22.1318
0.615 10.6151 1.977 22.6835
3.135 13.1351 11.19 31.8965
6.014 16.014 8.445 32.5095
7.523 17.523 13.843 37.9075
1.988 11.988 4.971 27.4862
1.666 11.666 4.428 26.9432
0.771 10.771 1.47 23.7406
5.306 15.306 6.682 28.9526
0.717 10.717 2.481 23.8904
0.594 10.594 2.401 23.8104
2.383 12.383 4.304 24.8406
0.828 10.828 1.443 21.9796
1.06 11.06 1.734 24.4196
1.704 11.704 2.487 25.1726
2.107 12.107 2.255 23.2949
3.258 13.258 31.522 52.16
28.011 38.011 30.207 50.845
1.88 11.88 5.855 26.493
0.577 10.577 1.808 25.1646
0.616 10.616 1.45 24.8066
5.294 15.294 5.958 28.2176
0.651 10.651 1.406 23.6656
1.832 11.832 4.444 25.4557
1.528 11.528 3.194 24.2057
0.647 10.647 1.712 23.8902
0.62 10.62 1.816 23.9942
1.257 11.257 1.956 24.2307
3.224 13.224 9.028 30.2003
1.203 11.203 2.903 24.0753
1.57 11.57 2.636 23.8083
0.657 10.657 2.518 25.9486
0.64 10.64 2.95 25.0514
16.15 26.15 18.193 40.2944
0.589 10.589 1.445 21.926
0.586 10.586 1.406 21.887
12.067 22.067 15.989 35.2757
0.71 10.71 1.437 20.7237
7.921 17.921 10.291 29.5777
0.599 114.399 2.557 24.9677
1.136 114.936 2.226 24.6367
0.595 83.255 1.472 25.7695
0.621 61.483 1.729 24.7372
0.616 61.478 2.36 25.3682
1.597 62.459 2.259 25.5348
1.106 46.7094 2.903 26.1788
0.741 35.6634 1.935 23.598
255.828 290.75 264.656 286.319
3.501 30.9467 3.507 24.4611
0.709 28.1547 1.391 22.3451
0.699 22.911 1.307 21.4949
1.174 23.386 3.845 24.0329
0.602 22.814 2.516 22.7039
1.035 19.5834 2.596 25.4275
1.293 17.2769 2.578 24.2301
0.872 16.8559 1.456 23.1081
1.089 15.2777 3.757 24.4634
4.475 18.6637 11.715 32.4214
0.88 15.0687 2.699 23.4054
0.968 13.9001 6.991 30.3055
0.407 12.4595 10.013 32.3632
1.003 13.0555 2.909 25.2592
8.877 20.7937 12.634 33.4091
2.14 14.0567 4.335 25.1101
9.721 21.0627 21.243 43.1656
4.347 15.6887 8.715 30.6376
7.761 18.7002 9.653 33.2188
6.9 17.8392 7.596 31.1618
2.961 13.6184 3.71 25.3061
29.519 40.1764 51.618 73.2141
0.892 11.3522 2.654 25.0012
0.742 11.2022 2.531 24.8782
0.695 11.0171 1.326 24.4691
5.998 16.3201 6.602 29.7451
0.658 10.8835 2.37 26.7901
0.652 10.8775 2.961 27.3811
1.817 11.9749 5.447 31.2111
0.688 10.8458 1.807 27.5711
1.903 12.0135 225.562 248.457
0.997 11.1075 1.817 24.7119
0.72 10.7973 1.441 25.7474
4.638 14.7153 5.435 29.7414
0.572 10.6261 3.465 25.7595
0.92 10.9741 2.505 24.7995
1.116 11.1539 1.86 23.0161
0.865 10.9029 1.859 23.0151
0.588 10.6145 1.369 23.5583
0.689 10.7155 1.444 23.6333
1.046 11.0646 2.842 26.9245
2.134 12.1526 3.126 27.2085
0.84 10.853 1.531 23.4588
1.315 11.328 15.11 37.0378
1.853 11.8621 2.64 23.3594
0.72 10.7291 1.516 22.2354
0.774 10.7804 1.487 21.3606
7.046 17.0524 8.268 28.1416
1.414 11.4185 3.238 22.3995
0.96 10.9645 2.88 22.0415
1.579 11.5821 2.287 22.5401
2.963 12.9661 4.784 25.0371
1.173 11.1752 1.861 21.9781
1.828 11.8302 6.335 26.4521
1.684 11.6855 6.995 28.337
4.493 14.4945 9.62 30.962
1.683 11.6841 8.993 28.9424
1.479 11.4801 26.491 46.4404
26.18 36.1807 32.097 52.3316
5.343 15.3437 10.846 31.0806
1.768 11.7685 27.97 47.2642
1.344 11.3445 5.853 25.1472
0.883 11.1234 1.584 23.3699
24.749 34.9894 31.446 53.2319
1.493 11.6613 4.191 24.4212
8.108 18.2763 12.939 33.1692
11.965 22.0828 17.18 36.3211
2.358 12.4758 3.495 22.6361
1.464 11.5464 4.531 27.1398
0.771 10.8534 1.47 24.0788
2.787 12.8447 5.53 26.6961
2.16 12.2177 16.564 37.7301
2.333 12.3734 4.861 25.3173
0.533 10.5734 1.221 21.6773
5.87 15.8983 7.105 29.9744
11.148 21.1763 13.591 36.4604
2.765 12.7848 4.803 26.1516
5.794 15.8138 5.786 27.1346
0.851 10.8649 1.775 22.149
1.955 11.9689 7.148 27.522
11.724 21.7337 12.494 32.1858
0.651 10.6607 1.415 21.1068
0.725 10.7318 1.429 22.2333
1.578 11.5848 3.892 24.6963
1.793 11.7978 5.89 26.183
1.166 11.1708 2.449 22.742
8.692 18.6953 7.261 27.4061
0.741 10.7443 1.569 21.7141
0.572 10.5743 1.456 21.1376
1.316 11.3183 2.464 22.1456
0.608 10.6096 1.759 22.4961
0.75 10.7516 2.049 22.7861
1.149 11.1501 2.957 22.573
0.627 10.6281 7.121 26.737
11.983 22.8538 20.106 38.8772
0.493 11.3638 1.333 20.1042
0.531 11.1406 1.628 20.9478
7.318 17.9276 12.119 31.4388
2.207 12.6337 4.001 25.6249
3.236 13.6627 25.837 47.4609
1.705 12.0037 6.393 27.4097
2.616 12.9147 5.562 26.5787
8.376 18.5851 22.458 42.0597
1.678 11.8871 4.895 24.4967
1.38 11.5264 6.865 28.5962
1.73 11.8764 4.678 26.4092
10.56 20.6624 11.363 33.0848
5.888 15.9904 6.742 28.4638
3.326 13.3977 3.992 26.0973
2.796 12.8677 6.141 28.2463
0.667 10.7387 1.514 23.6193
2.769 12.9392 4.712 99.3857
1.998 30.0571 10.468 81.6896
2.254 30.3131 2.332 73.5536
0.861 23.5024 1.581 56.6261
0.664 23.3054 2.469 57.5141
3.818 22.667 15.879 59.7806
19.616 38.465 34.98 78.8816
0.623 16.8173 2.619 40.1001
1.425 17.6193 1.937 39.4181
4.835 19.171 8.566 41.4928
0.6 14.936 1.729 34.6558
0.561 13.5962 2.164 31.7827
0.542 13.5772 1.299 30.9177
0.812 12.9366 1.526 27.2991
0.603 12.7276 1.502 27.2751
0.632 12.9892 7.728 34.5292
0.557 12.9142 2.311 29.1122
12.754 24.4041 13.565 38.9558
12.679 24.3291 13.891 39.2818
17.641 28.7961 19.147 43.0106
7.079 18.2341 10.022 33.8856
2.038 12.8465 2.918 26.6125
20.592 31.4005 29.241 52.9355
2.235 12.801 3.618 27.5242
4.694 15.26 15.118 39.0242
2.21 12.6062 3.277 26.5813
0.614 11.0102 1.353 24.6573
0.964 11.2413 1.779 24.602
0.966 11.2433 2.048 24.871
0.911 11.1051 1.727 24.9931
0.603 10.7971 1.78 25.0461
1.561 11.6969 2.271 23.7473
0.71 10.8459 1.375 22.8513
0.693 10.7881 1.475 21.7284
3.198 13.2931 16.259 36.5124
0.557 10.6236 1.89 21.4674
0.699 10.7656 1.447 21.0244
0.779 10.8256 1.723 21.4572
4.538 14.5846 11.528 31.2622
0.698 10.7306 1.335 20.2489
1.127 11.1596 2.413 21.3269
12.471 22.4938 22.893 41.6227
0.649 10.6718 1.317 20.0467
2.807 12.823 11.746 31.8768
0.704 10.72 3.572 23.7028
0.696 10.7072 1.534 23.7556
1.91 11.9212 2.477 24.6986
6.593 16.6008 7.725 28.7701
6.117 16.1248 19.717 40.7621
1.983 11.9885 4.406 24.3576
2.584 12.5895 5.286 25.2376
1.672 11.6758 4.519 23.7351
2.722 12.7258 7.862 27.0781
8.922 18.9247 11.5 32.4813
1.77 11.7727 4.761 25.7423
8.034 18.0359 12.929 33.6159
4.197 14.1989 7.395 28.0819
8.68 18.6813 13.036 33.4868
1.857 11.8583 4.551 25.0018
4.522 14.5229 6.562 26.8476
256.199 266.2 262.674 282.96
1.768 11.7686 3.185 23.2349
1.662 11.6626 4.849 24.8989
5.946 15.9465 14.356 33.9409
3.848 13.8485 3.788 23.3729
6.656 16.6563 8.491 31.8905
14.158 24.1583 14.727 38.1265
3.381 13.3812 4.553 27.6526
3.332 13.3322 3.983 27.0826
2.307 12.3072 3.283 24.7327
2.367 12.3672 3.162 24.6117
0.482 10.4821 2.337 24.4018
16.883 26.8831 18.184 40.2488
3.232 13.2321 5.332 26.2674
0.633 10.6331 1.359 22.2944
281.809 291.809 290.661 311.346
2.351 12.3511 2.968 23.6528
0.721 10.721 1.521 23.6203
1.205 11.205 1.987 24.0863
0.517 10.517 2.013 28.0725
1.476 11.476 2.382 28.4415
10.054 20.054 11.408 34.8997
0.659 10.659 1.719 25.2107
1.431 11.431 2.146 24.5902
3.173 13.173 3.176 25.6202
1.917 11.917 5.577 26.6279
0.743 10.743 1.434 22.4849
2.258 12.258 3.163 23.4786
0.635 10.635 2.288 22.6036
0.602 10.602 1.348 20.639
1.847 11.847 3.156 22.447
4.015 14.015 5.302 24.5957
0.556 10.556 3.011 22.3047
0.682 10.682 1.391 19.7266
11.716 21.716 12.481 30.8166
1.52 11.52 3.252 21.6369
1.421 11.421 2.513 20.8979
259.155 269.155 267.53 287.509
0.999 10.999 1.255 21.2344
1.309 11.309 2.988 24.0236
0.609 10.609 4.452 25.4876
2.216 12.216 4.083 25.1979
0.688 10.688 2.351 23.4659
0.609 10.609 1.341 21.9414
1.306 11.306 3.282 23.8824
0.972 10.972 2.218 21.9183
666.318 676.318 668.952 688.652
17.827 27.827 26.797 45.8972
0.672 10.672 10.64 29.7402
0.75 10.75 2.096 20.4762
0.664 10.664 1.442 19.8222
264.814 274.814 267.851 287.197
1.185 11.185 2.105 21.4511
0.52 10.52 1.166 23.2583
1.18 11.18 2.968 25.0603
1.155 11.155 3.072 24.0866
1.88 11.88 2.639 23.6536
0.963 10.963 2.823 23.3832
3.839 13.839 5.269 25.8292
0.597 10.597 1.34 61.9322
3.336 31.396 3.987 64.5792
0.734 109.176 1.463 49.6075
7.932 116.374 10.293 58.4375
0.76 79.6694 2.921 41.6922
1.84 80.7494 3.461 42.2322
0.835 59.0716 2.693 39.5828
0.823 59.0596 1.512 38.4018
0.777 44.5426 1.586 32.6289
0.598 44.3636 2.606 33.6489
0.68 34.3159 1.947 28.837
0.756 34.3919 1.59 28.48
1.514 28.0591 6.26 30.993
1.058 27.6031 2.144 26.877
0.598 22.1796 1.385 24.3381
0.836 22.4176 2.406 25.3591
0.639 18.7461 2.865 24.3322
2.4 20.5071 5.262 26.7292
0.754 16.429 1.927 25.774
1.467 17.142 3.468 27.315
0.661 14.6335 1.341 24.2139
0.542 14.5145 1.402 24.2749
0.556 13.3367 3.735 24.696
0.694 13.4747 2.853 23.814
280.763 292.71 280.708 303.421
1.867 13.8135 3.002 25.7147
0.557 11.9196 4.844 27.6129
2.318 13.6806 8.45 31.2189
23.179 34.1328 24.996 46.7542
0.692 11.6458 1.307 23.0652
1.378 12.0457 3.812 25.4628
1.711 12.3787 3.43 25.0808
2.325 12.7924 5.83 29.3555
1.781 12.2484 4.333 27.8585
2.462 12.7892 3.963 25.4409
1.783 12.1102 5.045 26.5229
8.206 18.435 9.651 30.8655
34.399 44.628 36.159 57.3735
1.534 11.6943 3.634 24.6342
1.538 11.6983 2.356 23.3562
0.642 10.7542 1.493 27.2031
0.765 10.8772 2.289 27.9991
2.809 12.8875 6.297 30.2341
5.616 15.6945 6.312 30.2491
0.866 10.921 1.589 23.805
2.753 12.808 3.662 25.878
0.868 10.9065 2.43 25.2712
1.367 11.4055 3.514 26.3552
1.186 11.2129 2.349 31.4478
1.133 11.1599 3.839 32.9378
0.979 10.9979 1.803 28.0522
2.863 12.8819 4.931 31.1802
0.684 10.6972 1.274 27.5984
0.809 10.8222 1.489 27.8134
5.652 15.6612 7.518 33.5651
2.925 12.9342 18.869 44.9161
0.872 10.8785 2.426 26.029
0.874 10.8805 1.538 25.141
13.536 23.5405 15.153 37.6751
