0.606 25.606 40.241 90.241
4.771 25.271 7.055 48.385
1.605 22.105 2.435 43.765
0.672 18.022 2.155 36.516
1.012 18.362 1.937 36.298
4.946 20.091 8.483 41.8657
0.543 15.688 2.545 35.9277
0.709 14.3105 1.656 31.3239
5.313 18.9145 5.545 35.2129
6.731 19.2521 11.915 38.7125
0.913 13.4341 3.596 30.3935
6.282 18.0467 7.09 31.0083
2.762 14.5267 5.815 29.7333
0.624 11.8593 2.026 27.1388
1.139 12.3743 3.306 28.4188
0.861 11.7257 1.542 30.9709
0.712 11.5767 2.825 32.2539
3.251 13.8563 4.059 32.9093
1.545 12.1503 4.256 33.1063
4.388 14.8117 7.192 37.6472
0.772 11.1957 1.665 32.1202
0.629 10.9256 3.402 32.2206
1.343 11.6396 3.986 32.8046
1.066 11.2736 1.816 34.229
1.99 12.1976 11.074 43.487
2.566 12.7113 6.842 43.3011
2.146 12.2913 4.016 40.4751
3.674 13.7757 3.755 40.4064
1.238 11.3397 2.031 38.6824
4.135 14.2062 6.036 36.822
1.319 11.3902 3.08 33.866
1.099 11.1488 1.789 30.9292
0.786 10.8358 1.669 30.8092
1.618 26.0529 16.004 42.1321
0.528 24.9629 1.33 27.4581
0.573 20.6774 7.807 33.4767
1.403 21.5074 2.352 28.0217
0.809 17.8821 2.542 26.2108
0.758 17.8311 11.905 35.5738
0.947 15.8982 1.729 25.3471
0.683 15.6342 1.525 25.1431
0.808 14.2738 1.957 26.1097
1.447 14.9128 3.149 27.3017
0.887 13.3131 1.725 24.3619
0.506 12.9321 1.408 24.0449
0.639 12.3373 1.656 24.0718
0.884 12.5823 7.877 30.2928
0.794 11.9828 1.597 23.7681
0.671 11.8598 1.266 23.4371
0.588 11.4201 1.378 27.8778
0.601 11.4331 7.422 33.9218
7.946 18.5285 13.409 38.3188
3.682 14.2645 6.889 31.7988
1.955 12.3628 4.138 27.5149
1.385 11.7928 3.854 27.2309
0.758 11.0434 2.016 29.1798
10.272 20.5574 14.952 42.1158
2.064 12.2638 6.217 36.4217
1.857 12.0568 4.246 34.4507
9.409 19.5489 21.904 48.9873
1.277 11.4169 4.345 31.4283
8.609 18.7069 15.464 41.5023
4.791 14.8889 6.549 32.5873
3.945 14.0135 4.565 31.5518
2.591 12.6595 6.436 33.4228
0.649 10.697 1.437 29.0278
17.783 27.831 19.11 46.7008
1.023 11.0566 2.008 31.6115
1.85 11.8836 4.771 34.3745
1.589 11.6125 5.078 33.7205
1.284 11.3075 4.221 32.8635
1.327 11.3435 3.01 31.0097
0.645 10.6615 1.476 29.4757
0.631 10.6425 1.31 28.2598
1.464 11.4755 2.204 29.1538
1.148 11.1561 1.872 26.2269
1.782 11.7901 2.693 27.0479
2.139 12.1446 5.557 37.7554
1.1 11.1056 2.78 34.9784
1.271 11.275 2.191 33.6699
0.576 10.58 1.318 32.7969
0.7 10.7028 1.796 30.1012
8.829 18.8318 12.934 41.2392
1.012 11.0139 2.011 28.9647
0.649 10.6509 1.69 28.6437
0.991 10.9924 1.871 28.3886
0.81 10.8114 2.783 29.3006
0.626 10.6269 1.369 26.2013
11.944 21.945 14.084 38.9163
0.55 10.5507 1.799 25.3316
0.851 10.8517 1.569 25.1016
0.594 10.5945 2.434 29.7068
0.506 10.5065 1.591 28.8638
0.571 10.5713 1.26 26.621
1.303 11.3033 3.027 28.388
0.767 10.7672 3.067 27.2997
1.271 11.2712 3.028 27.2607
1.713 11.7132 2.396 24.8789
0.659 10.6592 1.426 23.9089
0.654 10.6541 1.461 25.119
0.441 10.4411 6.632 30.29
0.512 10.5121 4.455 27.3456
0.644 10.6441 2.554 25.4446
4.864 14.8641 18.707 41.7804
2.611 12.6111 3.606 26.6794
9.515 19.515 12.779 35.3504
17.426 27.426 28.75 51.3214
7.603 17.603 13.774 42.024
0.834 10.834 1.56 29.81
2.059 12.059 4.903 30.768
3.799 13.799 5.373 31.238
2.257 12.257 4.542 28.7375
18.021 28.021 49.194 73.3895
2.031 12.031 4.736 28.5728
2.279 12.279 4.505 28.3418
3.399 13.399 3.992 30.1578
4.156 14.156 4.839 31.0048
0.716 10.716 1.448 26.0941
2.577 12.577 3.679 28.3251
1.994 11.994 3.954 26.5762
1.94 11.94 2.867 25.4892
1.764 11.764 2.318 26.7036
14.542 24.542 19.742 44.1276
0.48 10.48 1.828 24.6279
0.744 10.744 1.659 24.4589
9.302 19.302 9.917 33.6469
0.7 10.7 2.539 26.2689
0.684 10.684 2.54 24.2509
1.795 11.795 3.351 25.0619
4.26 14.26 10.05 35.1477
0.581 10.581 1.448 26.5457
1.766 11.766 3.116 27.7944
0.728 10.728 1.416 26.0944
0.585 10.585 2.328 26.9229
0.938 10.938 2.833 27.4279
0.71 10.71 2.255 24.7514
0.565 10.565 1.468 23.9644
6.879 16.879 7.832 33.4795
0.625 10.625 261.201 286.848
1.154 11.154 2.107 25.4902
27.754 37.754 39.341 62.7242
0.544 10.544 2.254 27.7723
1.346 11.346 2.798 28.3163
4.189 14.189 5.529 29.6918
4.264 14.264 5.927 30.0898
0.82 10.82 1.56 23.8439
2.142 12.142 3.471 25.7549
1.311 11.311 2.937 25.7058
1.257 11.257 2.062 24.8308
0.794 10.794 1.475 22.6931
0.641 10.641 1.852 23.0701
0.579 10.579 2.434 24.3667
0.701 10.701 1.498 23.4307
0.639 116.539 1.502 26.1849
7.912 123.812 9.146 33.8289
0.859 84.989 2.414 26.892
0.768 84.898 1.498 25.976
8.761 70.652 9.616 33.6206
0.709 62.6 1.383 25.3876
0.679 47.0027 2.574 27.3872
0.541 46.8647 6.26 31.0732
9.483 44.9096 35.539 60.3183
9.085 44.5116 19.129 43.9083
0.708 28.5066 2.417 29.7825
0.714 28.5126 1.504 28.8695
0.508 22.967 1.795 28.9008
5.714 28.173 7.025 34.1308
1.353 20.0743 4.067 32.5211
0.818 19.5393 1.521 29.9751
1.474 17.5789 2.413 43.2709
1.021 17.1259 1.918 42.7759
6.311 20.5844 9.616 46.3465
258.284 272.557 264.939 301.669
1.247 14.2384 1.92 36.6013
1.406 14.3974 2.389 37.0704
2.866 14.96 5.611 40.8679
3.812 15.906 7.085 42.3419
1.883 13.3488 4.656 39.5359
0.775 12.2408 1.665 36.5449
1.453 12.4791 3.793 34.8389
9.126 20.1521 15.768 46.8139
2.186 12.9042 4.472 31.5741
2.543 13.2612 5.196 32.2981
2.606 13.1088 4.547 32.8185
5.625 16.1278 6.422 34.6935
2.08 12.4319 4.034 29.854
2.599 12.9509 4.887 30.707
0.7 10.9464 2.065 26.739
5.976 16.2224 7.386 32.06
1.189 11.3614 3.899 28.9108
1.61 11.7824 11.889 36.9008
2.258 12.3787 5.962 31.4803
8.72 18.8407 9.425 34.9433
6.045 16.1295 7.102 31.5948
5.982 16.0665 6.43 30.9228
4.897 14.9562 6.318 32.373
0.667 10.7262 1.419 27.474
11.405 21.4464 14.617 43.7455
10.031 20.0724 10.902 40.0305
0.566 10.595 7.33 38.6699
0.578 10.607 3.223 34.5629
3.523 13.5433 5.056 33.5639
1.142 11.1623 8.486 36.9939
0.686 10.7002 1.406 28.0816
0.782 10.7962 1.517 28.1926
0.705 10.7149 1.45 26.5429
0.601 10.6109 1.43 26.5229
0.831 10.838 1.448 25.763
39.637 49.644 39.787 64.102
4.036 14.0409 4.866 27.8865
1.185 11.1899 1.77 24.7905
5.647 15.6504 6.036 29.6804
1.065 11.0684 1.471 25.1154
1.14 11.1424 1.891 25.2521
1.388 11.3904 2.052 25.4131
1.885 11.8867 4.573 29.8057
0.878 10.8797 2.18 27.4127
0.844 10.8452 1.718 26.9109
4.785 14.7862 11.746 36.9389
0.882 10.8828 1.554 24.679
10.981 20.9818 17.925 41.05
0.594 10.5946 1.918 23.7755
1.041 11.0416 1.671 23.5285
2.25 12.2504 2.326 24.0463
0.637 10.6374 2.04 23.7603
0.834 10.8343 1.416 24.3002
0.874 10.8743 1.833 24.7172
0.622 10.6222 1.357 22.7159
0.639 10.6392 1.566 22.9249
0.807 10.8071 1.644 22.0853
0.853 10.8531 1.759 22.2003
1.672 11.6721 4.512 26.3809
2.165 12.1651 4.963 26.8319
0.688 10.6881 1.439 22.8372
0.89 10.8901 1.608 23.0062
0.721 10.721 1.49 23.3088
7.84 17.84 28.182 50.0007
0.735 10.735 1.413 22.6561
0.681 10.681 1.379 22.6221
1.069 11.069 2.915 23.1852
0.789 10.789 1.508 21.7782
0.979 10.979 1.594 21.9331
1.583 11.583 3.815 24.1541
0.679 10.679 1.746 21.3534
6.411 16.411 11.531 31.1384
5.528 15.528 20.477 41.5222
0.591 10.591 2.691 23.7362
0.484 10.484 1.384 22.5356
0.711 10.711 1.941 23.0926
0.795 10.795 2.556 23.3921
1.821 11.821 2.457 23.2931
0.716 10.716 1.351 21.8463
2.554 12.554 3.727 24.2223
222.235 232.235 522.143 543.78
235.542 245.542 239.615 261.252
2.746 12.746 4.862 27.6577
2.078 12.078 3.498 26.2937
1.351 11.351 3.035 25.352
3.355 13.355 12.144 34.461
1.726 11.726 4.008 26.0799
2.132 12.132 2.861 24.9329
10.225 20.225 10.797 34.1673
1.143 11.143 2.587 25.9573
0.511 10.511 1.161 22.8902
1.461 11.461 4.169 25.8982
16.914 26.914 20.652 43.2425
0.571 10.571 1.233 23.8235
0.704 10.704 1.528 25.8913
0.693 10.693 1.295 25.6583
0.603 10.603 1.5 24.8843
0.566 10.566 1.946 25.3303
10.409 20.409 12.766 35.075
10.054 20.054 14.259 36.568
2.717 38.817 6.421 33.9473
1.737 37.837 3.347 30.8733
0.672 29.752 1.513 28.7014
0.739 29.819 2.192 29.3804
0.773 24.129 1.473 27.3449
0.748 24.104 1.579 27.4509
0.839 20.1882 2.631 26.7713
0.682 20.0312 1.574 25.7143
1.114 17.6584 4.866 29.0842
0.824 17.3684 1.559 25.7772
1.286 15.8671 3.248 25.6308
2.01 16.5911 3.285 25.6678
1.239 14.4458 2.247 23.0149
0.675 13.8818 1.274 22.0419
0.631 12.8757 1.308 25.5656
6.481 18.7257 7.273 31.5306
0.524 12.0953 1.858 29.6083
0.719 12.2903 1.576 29.3263
1.145 12.2449 3.376 28.6512
0.579 11.6789 1.479 26.7542
0.759 11.5289 1.534 24.2366
0.635 11.4049 2.23 24.9326
0.762 11.301 1.469 26.6008
0.514 11.053 1.785 26.9168
0.902 11.2793 1.601 24.2333
1.574 11.9513 3.284 25.9163
0.57 10.8341 1.326 24.6986
0.784 11.0481 1.404 24.7766
0.586 10.7709 1.244 27.5948
1.591 11.7759 3.708 30.0588
0.878 11.0074 1.572 28.9276
0.815 10.9444 1.574 28.9296
1.144 11.2346 1.88 27.6289
0.746 10.8366 1.406 27.1549
0.912 10.9754 3.411 27.1652
1.663 11.7264 16.511 40.2652
0.705 10.7494 2.39 26.398
0.618 10.6624 1.352 25.36
0.587 10.6181 1.67 23.8456
1.372 11.4031 3.069 25.2446
0.814 10.8357 1.498 22.4509
4.495 14.5167 24.22 45.1729
0.983 10.9982 2.385 23.352
3.32 13.3352 12.931 33.898
0.706 10.7167 6.712 29.6989
0.907 10.9177 6.84 29.8269
7.705 17.7125 9.795 34.6758
0.655 10.6625 1.603 26.4838
1.363 11.3682 3.296 26.7426
0.59 10.5952 3.515 26.9616
0.683 10.6867 1.478 24.6706
0.841 10.8447 3.51 26.7026
1.126 11.1286 8.132 31.0268
0.763 10.7656 2.877 25.7718
1.576 11.5778 16.532 37.5384
1.192 11.1938 4.593 25.5994
6.803 16.8043 9.983 32.0075
28.845 38.8463 32.25 54.2745
1.63 11.6309 6.006 28.4431
3.656 13.6569 5.84 28.2771
1.627 11.6276 6.543 27.589
1.482 11.4826 4.313 25.359
6.214 16.2144 8.854 29.4062
1.439 11.4394 5.642 26.1942
13.153 23.1533 13.923 36.1995
1.299 11.2993 4.637 26.9135
3.051 13.0512 5.416 28.2096
2.96 12.9602 5.345 28.1386
13.683 23.6831 17.45 38.7755
1.294 11.2941 2.058 23.3835
5.128 15.1281 8.954 30.8419
1.348 11.3481 1.999 23.8869
26.161 36.1611 29.223 49.7645
3.303 13.3031 6.853 27.3945
0.858 10.8581 2.744 25.283
0.811 10.8111 1.541 24.08
5.726 15.726 7.437 30.6543
0.742 10.742 1.618 24.8353
6.083 16.083 7.862 32.6041
0.62 10.62 1.282 26.0241
0.569 10.569 1.258 23.9175
1.628 11.628 2.459 25.1185
4.585 14.585 11.331 36.4626
1.819 11.819 3.569 28.7006
0.693 10.693 2.564 26.5162
0.725 10.725 1.748 25.7002
0.598 10.598 1.253 26.8095
0.64 10.64 2.484 28.0405
0.655 10.655 1.507 25.8166
0.59 10.59 1.29 25.5996
0.662 10.662 1.397 23.6937
0.574 10.574 1.357 23.6537
0.986 10.986 1.78 24.5877
0.902 10.902 1.651 24.4587
0.655 10.655 2.109 25.3644
0.498 10.498 1.287 24.5424
3.24 13.24 4.042 27.3108
0.685 10.685 5.099 28.3678
0.654 10.654 1.593 24.7811
0.959 10.959 2.104 25.2921
1.066 11.066 1.759 24.0507
1.097 11.097 1.899 24.1907
0.709 10.709 2.275 22.9492
0.688 10.688 4.562 25.2362
0.77 10.77 1.674 22.8359
0.522 10.522 1.168 22.3299
0.752 10.752 1.522 27.2554
1.122 11.122 1.925 27.6583
0.721 10.721 2.071 27.8843
1.833 11.833 4.381 30.1943
4.255 14.255 14.116 37.6753
0.86 10.86 1.811 25.3703
0.787 10.787 2.67 29.9015
4.002 14.002 9.216 36.4475
0.912 10.912 6.158 32.4801
0.465 10.465 2.602 28.9241
0.408 10.408 2.087 28.6725
0.714 10.714 1.833 28.4185
1.425 11.425 2.189 28.5688
2.83 12.83 8.376 34.7558
1.372 74.972 13.27 38.0959
0.97 74.57 2.932 27.7579
1.524 56.044 3.992 26.7101
1.901 56.421 4.419 27.1371
2.941 44.105 5.989 26.9617
1.344 42.508 3.77 24.7427
3.499 35.3138 6.889 29.9999
2.03 33.8448 4.797 27.9079
1.377 26.6474 5.555 27.9426
1.807 27.0774 46.632 69.0196
12.691 33.3803 12.719 34.4803
1.009 21.6983 2.788 24.5493
1.237 18.7195 14.494 35.0069
13.65 31.1325 16.76 37.2729
2.603 17.8407 3.984 24.163
0.895 16.1327 2.74 22.9191
1.431 15.0974 7.268 27.9033
3.259 16.9254 4.224 24.8593
3.196 15.7625 4.041 24.4257
2.391 14.9575 4.574 24.9587
2.523 14.3195 2.599 21.9683
5.144 16.9405 5.322 24.6913
1.551 12.8086 5.451 27.4395
0.748 12.0056 1.617 23.6055
11.494 22.3743 18.641 39.223
20.163 31.0433 20.602 41.184
1.137 11.7532 2.138 22.1554
1.549 12.1652 3.138 23.1554
1.351 11.7824 3.364 23.7962
1.893 12.3244 2.724 23.1562
3.044 13.3459 8.769 30.8715
0.85 11.1519 1.518 23.6205
1.241 11.4524 2.987 23.3188
0.83 11.0414 2.098 22.4298
1.213 11.361 2.698 21.9402
263.562 273.71 267.319 286.561
2.217 12.3206 3.738 22.1276
0.617 10.7206 1.528 19.9176
38.49 48.5625 38.731 59.6737
1.197 11.2695 1.889 22.8317
3.183 13.2337 5.08 26.3999
0.704 10.7547 1.468 22.7879
1.617 11.6525 3.327 23.2309
11.872 21.9075 15.333 35.2369
0.729 10.7539 1.314 21.1267
1.25 11.2749 2.284 22.0967
0.687 10.7044 1.451 23.1499
9.514 19.5314 11.328 33.0269
12.612 22.6242 14.197 35.1162
0.891 10.9032 1.531 22.4502
0.701 10.7095 1.299 21.7325
0.575 10.5835 1.519 21.9525
0.895 10.901 2.077 21.2404
0.647 10.653 1.417 20.5804
0.876 10.8802 3.255 23.3894
1.625 11.6292 2.789 22.9234
0.968 10.9709 1.641 23.7151
2.53 12.5329 7.729 29.8031
0.653 10.655 1.301 22.1229
1.273 11.275 3.086 23.9079
0.61 10.6114 9.38 32.2653
0.775 10.7764 7.301 30.1863
1.016 11.017 3.069 24.4587
0.585 10.586 1.351 22.7407
0.915 10.9157 1.957 23.5598
2.049 12.0497 4.905 26.5078
1.329 11.3295 5.655 27.347
0.928 10.9285 2.769 24.461
10.936 20.9363 18.311 44.8354
9.38 19.3803 12.689 39.2134
2.688 12.6882 4.864 30.6011
2.416 12.4162 5.102 30.8391
10.981 20.9812 13.436 36.4019
0.798 10.7982 1.5 24.4659
1.191 11.1911 3.697 26.8832
2.277 12.2771 5.013 28.1992
1.784 11.7841 5.966 34.1363
3.168 13.1681 5.62 33.7903
12.292 22.2921 12.453 37.8122
1.42 11.4201 4.679 30.0382
1.611 11.611 4.663 30.7245
5.571 15.571 8.064 34.1255
1.848 11.848 6.98 30.713
6.691 16.691 7.802 31.535
6.42 16.42 10.795 33.2281
0.682 10.682 1.489 23.9221
1.557 11.557 2.617 25.0702
1.518 11.518 3.65 26.1032
1.963 11.963 2.867 25.1242
1.429 11.429 2.225 24.4822
0.537 10.537 1.526 23.1661
1.691 11.691 11.51 33.1501
14.488 24.488 16.613 36.861
3.029 13.029 4.394 24.642
5.033 15.033 6.499 27.7526
2.002 12.002 2.764 24.0176
1.869 11.869 2.574 22.7315
4.192 14.192 5.475 25.6325
3.029 13.029 4.001 25.1013
0.792 10.792 1.669 22.7693
5.879 15.879 11.54 33.6002
13.787 23.787 17.99 40.0502
1.194 11.194 2.121 23.9531
2.579 12.579 3.446 25.2781
16.809 26.809 17.947 39.4395
1.12 11.12 2.91 24.4025
4.848 14.848 6.912 27.0867
7.662 17.662 11.842 32.0167
2.581 12.581 5.179 27.4613
0.68 10.68 3.239 25.5213
1.018 11.018 2.901 24.6786
2.538 12.538 3.131 24.9086
1.981 11.981 3.276 23.6203
0.568 10.568 2.376 22.7203
1.096 11.096 3.569 25.64
1.315 11.315 3.442 25.513
1.236 11.236 8.151 30.2907
257.566 267.566 258.91 281.05
0.689 10.689 1.245 23.0428
0.69 10.69 1.664 23.4618
0.729 82.729 1.561 24.6795
0.807 82.807 2.044 25.1625
4.562 64.962 8.141 29.6339
1.151 61.551 1.903 23.3959
0.758 46.038 1.54 23.305
1.137 46.417 2.999 24.764
8.718 43.414 11.852 34.2875
0.627 35.323 6.688 29.1235
0.681 27.9682 1.523 28.0579
1.245 28.5322 2.439 28.9739
1.111 23.212 2.571 27.2954
1.165 23.266 1.924 26.6484
0.614 19.0847 1.316 24.0531
0.625 19.0957 1.627 24.3641
0.693 16.6225 1.364 22.11
0.774 16.7035 1.604 22.35
0.828 15.1887 1.412 26.6742
2.363 16.7237 4.117 29.3792
0.671 13.7235 1.655 28.9385
0.729 13.7815 2.686 29.9695
0.986 13.1227 1.704 32.8925
0.706 12.8427 1.475 32.6635
0.809 12.3047 1.707 28.6989
0.888 12.3837 1.718 28.7099
0.957 12.004 1.966 26.9203
1.692 12.739 3.137 28.0914
3.248 13.9809 5.566 33.144
7.752 18.4849 25.371 52.949
0.647 11.16 1.472 31.1566
0.928 11.441 3.581 33.2656
0.62 10.9791 1.476 29.4552
0.77 11.1291 1.559 29.5382
0.715 10.9664 1.448 29.7335
1.056 11.3074 1.913 30.1985
0.664 10.84 1.616 27.3558
0.766 10.942 1.512 27.2518
2.508 12.6312 3.156 28.3739
0.632 10.7552 1.615 26.8329
3.733 13.8192 31.198 56.5305
1.43 11.5162 3.684 29.0165
6.852 16.9124 13.528 40.8608
1.994 12.0544 11.806 39.1388
1.898 11.9402 4.577 33.5499
1.517 11.5592 6.565 35.5379
1.696 11.7256 4.826 29.9971
3.54 13.5696 7.525 32.6961
1.764 11.7847 4.68 27.6697
24.928 34.9487 27.765 50.7547
0.648 10.6625 1.509 24.9218
7.38 17.3945 14.642 38.0548
4.766 14.7761 5.786 30.455
0.672 10.6821 3.272 27.941
9.869 19.8761 22.297 44.3353
2.359 12.3661 3.108 25.1463
1.061 11.066 2.21 22.8568
2.108 12.113 5.532 26.1788
1.518 11.5215 3.898 25.2508
1.911 11.9145 6.397 27.7498
4.474 14.4764 6.339 30.4959
0.883 10.8854 1.95 26.1069
3.565 13.5667 4.472 31.2819
1.094 11.0957 1.807 28.6168
0.531 10.5322 1.325 28.1319
2.407 12.4082 17.558 44.3649
1.875 11.8758 7.38 37.2448
0.898 10.8988 1.829 31.6938
1.253 11.2536 2.722 29.8974
3.38 13.3806 10.059 37.2344
2.352 12.3524 3.12 28.1428
1.939 11.9394 2.917 27.9398
0.981 10.9813 1.666 24.8519
2.417 12.4173 22.229 45.4149
2.457 12.4572 6.109 30.8592
1.483 11.4832 2.289 27.0392
3.227 13.2271 3.953 26.1381
1.088 11.0881 13.498 35.6831
1.724 11.7241 3.336 25.4056
0.733 10.7331 13.184 35.2536
12.542 22.5421 15.526 39.3447
0.727 10.7271 2.563 26.3817
0.528 10.528 4.213 26.7361
7.145 17.145 8.221 30.7441
0.654 10.654 2.195 25.5512
0.688 10.688 3.104 26.4602
0.992 10.992 1.746 27.2753
0.706 10.706 1.631 27.1603
3.545 13.545 11.046 34.5565
1.95 11.95 3.592 27.1025
0.764 10.764 1.576 25.2334
1.828 11.828 4.417 28.0744
0.861 10.861 1.812 23.6522
50.384 60.384 50.353 72.1932
0.736 10.736 2.116 22.7741
1.988 11.988 4.333 24.9911
1.217 11.217 6.344 25.7547
1.392 11.392 2.972 22.3827
1.81 11.81 2.544 21.2315
0.532 10.532 1.162 19.8495
1.96 11.96 4.025 24.0662
5.442 15.442 8.388 28.4292
3.34 13.34 6.164 27.0329
1.171 11.171 7.14 28.0089
0.771 10.771 2.922 37.4202
1.636 11.636 3.746 38.2442
14.335 24.335 35.864 65.8927
4.176 14.176 5.757 35.7857
15.717 25.717 19.141 51.2911
10.821 20.821 23.153 55.3031
6.891 16.891 13.581 41.3061
7.389 17.389 7.395 35.1201
3.378 13.378 13.04 39.3176
6.56 16.56 14.889 41.1666
14.442 24.442 19.467 42.8113
2.67 12.67 6.029 29.3733
1.757 11.757 4.299 27.72
6.443 16.443 12.287 35.708
6.994 16.994 10.273 32.8477
6.936 16.936 10.458 33.0327
1.572 11.572 3.939 30.5113
13.232 23.232 18.186 44.7583
