1.311000 9.509992 2.802000 17.286650 
1.040000 23.495994 3.450000 22.108655 
1.097000 23.495994 9.153000 22.108655 
1.844000 10.775895 10.928000 26.243459 
1.668000 10.775895 6.100000 26.243459 
1.131000 12.337926 1.962000 23.825521 
8.684000 12.337926 1.962000 23.825521 
8.684000 18.566348 1.962000 21.185064 
8.684000 18.566348 1.962000 21.185064 
8.684000 18.566348 1.962000 21.185064 
8.684000 99.301645 1.962000 315.418146 
8.684000 99.301645 1.962000 315.418146 
8.684000 101.966349 1.962000 226.361307 
8.684000 101.966349 1.962000 226.361307 
8.684000 76.981646 1.962000 166.151514 
8.684000 76.981646 1.962000 166.151514 
8.684000 59.492353 1.962000 121.784662 
8.684000 59.492353 1.962000 121.784662 
8.684000 47.249849 1.962000 98.047861 
8.684000 47.249849 1.962000 98.047861 
8.684000 38.680094 1.962000 80.802103 
8.684000 38.680094 1.962000 80.802103 
8.684000 32.681265 1.962000 64.320070 
8.684000 32.681265 1.962000 64.320070 
8.684000 28.482086 1.962000 50.592650 
8.684000 28.482086 1.962000 50.592650 
8.684000 25.542660 1.962000 43.293455 
8.684000 25.542660 1.962000 43.293455 
8.684000 23.485062 1.962000 37.524019 
8.684000 23.485062 1.962000 37.524019 
8.684000 22.044744 1.962000 32.435413 
8.684000 22.044744 1.962000 32.435413 
8.684000 21.036520 1.962000 28.813389 
8.684000 21.036520 1.962000 28.813389 
8.684000 20.330764 1.962000 27.147972 
8.684000 20.330764 1.962000 27.147972 
8.684000 19.836735 1.962000 28.532181 
8.684000 19.836735 1.962000 28.532181 
8.684000 19.836735 1.962000 28.532181 
8.684000 19.836735 1.962000 28.532181 
8.684000 19.248840 1.962000 27.692389 
8.684000 19.248840 1.962000 27.692389 
8.684000 19.079389 1.962000 25.613272 
8.684000 19.079389 1.962000 25.613272 
8.684000 18.960772 1.962000 30.547890 
8.684000 18.960772 1.962000 30.547890 
8.684000 18.877740 1.962000 29.052122 
8.684000 18.877740 1.962000 29.052122 
8.684000 18.819618 1.962000 26.625086 
8.684000 18.819618 1.962000 26.625086 
8.684000 18.778933 1.962000 24.506161 
8.684000 18.778933 1.962000 24.506161 
8.684000 18.750453 1.962000 25.122913 
8.684000 18.750453 1.962000 25.122913 
8.684000 18.730517 1.962000 24.834639 
8.684000 18.730517 1.962000 24.834639 
8.684000 18.716562 1.962000 25.742848 
8.684000 18.716562 1.962000 25.742848 
8.684000 18.706794 1.962000 24.068594 
8.684000 18.706794 1.962000 24.068594 
8.684000 18.699956 1.962000 22.776615 
8.684000 18.699956 1.962000 22.776615 
8.684000 18.695169 1.962000 22.592230 
8.684000 18.695169 1.962000 22.592230 
8.684000 18.691818 1.962000 21.563162 
8.684000 18.691818 1.962000 21.563162 
8.684000 18.689473 1.962000 25.162813 
8.684000 18.689473 1.962000 25.162813 
8.684000 18.687831 1.962000 24.562569 
8.684000 18.687831 1.962000 24.562569 
8.684000 20.846682 1.962000 23.542399 
8.684000 20.846682 1.962000 23.542399 
8.684000 20.197877 1.962000 22.138279 
8.684000 20.197877 1.962000 22.138279 
8.684000 19.833714 1.962000 31.445395 
8.684000 19.833714 1.962000 31.445395 
8.684000 19.488799 1.962000 28.810377 
8.684000 19.488799 1.962000 28.810377 
8.684000 19.247359 1.962000 29.125864 
8.684000 19.247359 1.962000 29.125864 
8.684000 19.078352 1.962000 28.296705 
8.684000 19.078352 1.962000 28.296705 
8.684000 18.960047 1.962000 28.106295 
8.684000 18.960047 1.962000 28.106295 
8.684000 18.877233 1.962000 25.183006 
8.684000 18.877233 1.962000 25.183006 
8.684000 18.819262 1.962000 28.866705 
8.684000 18.819262 1.962000 28.866705 
8.684000 18.778684 1.962000 26.045294 
8.684000 18.778684 1.962000 26.045294 
8.684000 18.750278 1.962000 25.420305 
8.684000 18.750278 1.962000 25.420305 
8.684000 18.730395 1.962000 25.282814 
8.684000 18.730395 1.962000 25.282814 
8.684000 18.716476 1.962000 23.236570 
8.684000 18.716476 1.962000 23.236570 
8.684000 18.706734 1.962000 24.684198 
8.684000 18.706734 1.962000 24.684198 
8.684000 18.699914 1.962000 30.287539 
8.684000 18.699914 1.962000 30.287539 
8.684000 18.695140 1.962000 31.449877 
8.684000 18.695140 1.962000 31.449877 
8.684000 18.691798 1.962000 28.303515 
8.684000 18.691798 1.962000 28.303515 
8.684000 18.689459 1.962000 25.591061 
8.684000 18.689459 1.962000 25.591061 
8.684000 18.687821 1.962000 23.932343 
8.684000 18.687821 1.962000 23.932343 
8.684000 18.686675 1.962000 27.541239 
8.684000 18.686675 1.962000 27.541239 
8.684000 18.685873 1.962000 26.137467 
8.684000 18.685873 1.962000 26.137467 
8.684000 18.685311 1.962000 26.894827 
8.684000 18.685311 1.962000 26.894827 
8.684000 18.684917 1.962000 28.204979 
8.684000 18.684917 1.962000 28.204979 
8.684000 18.684642 1.962000 26.452086 
8.684000 18.684642 1.962000 26.452086 
8.684000 18.684449 1.962000 25.375059 
8.684000 18.684449 1.962000 25.375059 
8.684000 19.644315 1.962000 23.751141 
8.684000 19.644315 1.962000 23.751141 
8.684000 19.356220 1.962000 23.844399 
8.684000 19.356220 1.962000 23.844399 
8.684000 19.154554 1.962000 25.379679 
8.684000 19.154554 1.962000 25.379679 
8.684000 19.013388 1.962000 23.904375 
8.684000 19.013388 1.962000 23.904375 
8.684000 18.914572 1.962000 22.121662 
8.684000 18.914572 1.962000 22.121662 
8.684000 27.575399 1.962000 21.203764 
8.684000 27.575399 1.962000 21.203764 
8.684000 24.907980 1.962000 24.161234 
8.684000 24.907980 1.962000 24.161234 
8.684000 23.040786 1.962000 24.491463 
8.684000 23.040786 1.962000 24.491463 
8.684000 21.733750 1.962000 24.002625 
8.684000 21.733750 1.962000 24.002625 
8.684000 20.818825 1.962000 24.650438 
8.684000 20.818825 1.962000 24.650438 
8.684000 20.178377 1.962000 26.603907 
8.684000 20.178377 1.962000 26.603907 
8.684000 19.730064 1.962000 25.271336 
8.684000 19.730064 1.962000 25.271336 
8.684000 19.596245 1.962000 23.678536 
8.684000 19.596245 1.962000 23.678536 
8.684000 19.322572 1.962000 23.223576 
8.684000 19.322572 1.962000 23.223576 
8.684000 19.131001 1.962000 24.525103 
8.684000 19.131001 1.962000 24.525103 
8.684000 18.996901 1.962000 26.726172 
8.684000 18.996901 1.962000 26.726172 
8.684000 18.903030 1.962000 26.226919 
8.684000 18.903030 1.962000 26.226919 
8.684000 18.837321 1.962000 27.017443 
8.684000 18.837321 1.962000 27.017443 
8.684000 18.791325 1.962000 25.950810 
8.684000 18.791325 1.962000 25.950810 
8.684000 18.759128 1.962000 23.884167 
8.684000 18.759128 1.962000 23.884167 
8.684000 18.736589 1.962000 24.507517 
8.684000 18.736589 1.962000 24.507517 
8.684000 18.720813 1.962000 24.883862 
8.684000 18.720813 1.962000 24.883862 
8.684000 18.709769 1.962000 23.077303 
8.684000 18.709769 1.962000 23.077303 
8.684000 18.702039 1.962000 22.442713 
8.684000 18.702039 1.962000 22.442713 
8.684000 18.696627 1.962000 22.808498 
8.684000 18.696627 1.962000 22.808498 
8.684000 18.692839 1.962000 28.614550 
8.684000 18.692839 1.962000 28.614550 
8.684000 18.690187 1.962000 29.648785 
8.684000 18.690187 1.962000 29.648785 
8.684000 18.688332 1.962000 26.352749 
8.684000 18.688332 1.962000 26.352749 
8.684000 18.687032 1.962000 25.575523 
8.684000 18.687032 1.962000 25.575523 
8.684000 18.686122 1.962000 23.741467 
8.684000 18.686122 1.962000 23.741467 
8.684000 18.685486 1.962000 27.947626 
8.684000 18.685486 1.962000 27.947626 
8.684000 18.685040 1.962000 25.311939 
8.684000 18.685040 1.962000 25.311939 
8.684000 18.684729 1.962000 27.786957 
8.684000 18.684729 1.962000 27.786957 
8.684000 18.684510 1.962000 25.439470 
8.684000 18.684510 1.962000 25.439470 
8.684000 18.684357 1.962000 23.676230 
8.684000 18.684357 1.962000 23.676230 
8.684000 18.684250 1.962000 23.161961 
8.684000 18.684250 1.962000 23.161961 
8.684000 18.684175 1.962000 22.921972 
8.684000 18.684175 1.962000 22.921972 
8.684000 18.684122 1.962000 23.683981 
8.684000 18.684122 1.962000 23.683981 
8.684000 18.684086 1.962000 23.197386 
8.684000 18.684060 1.962000 21.986771 
8.684000 18.684060 1.962000 21.986771 
8.684000 18.684042 1.962000 20.569340 
8.684000 18.684042 1.962000 20.569340 
8.684000 18.684042 1.962000 20.569340 
8.684000 18.684030 1.962000 20.537138 
8.684000 18.684030 1.962000 20.537138 
8.684000 18.684021 1.962000 21.594597 
8.684000 18.684014 1.962000 21.524819 
8.684000 18.684014 1.962000 21.524819 
8.684000 18.684010 1.962000 21.535973 
8.684000 18.684010 1.962000 21.535973 
8.684000 18.684010 1.962000 21.535973 
8.684000 18.684007 1.962000 23.313780 
8.684000 18.684005 1.962000 22.038246 
8.684000 18.684005 1.962000 22.038246 
8.684000 18.684004 1.962000 22.225372 
8.684000 18.684004 1.962000 22.225372 
8.684000 18.684004 1.962000 22.225372 
8.684000 18.684003 1.962000 25.116360 
8.684000 18.684002 1.962000 23.150051 
8.684000 18.684002 1.962000 23.150051 
8.684000 18.684001 1.962000 24.473637 
8.684000 18.684001 1.962000 24.473637 
8.684000 18.684001 1.962000 26.420145 
8.684000 18.684001 1.962000 26.420145 
8.684000 18.684001 1.962000 24.092701 
8.684000 18.684001 1.962000 24.092701 
8.684000 18.684001 1.962000 24.653490 
8.684000 18.684001 1.962000 24.653490 
8.684000 18.684001 1.962000 23.336043 
8.684000 18.684001 1.962000 23.336043 
8.684000 18.684001 1.962000 21.933830 
8.684000 18.684001 1.962000 21.933830 
8.684000 18.684001 1.962000 22.782282 
8.684000 18.684001 1.962000 22.782282 
8.684000 18.684001 1.962000 22.176197 
8.684000 18.684001 1.962000 22.176197 
8.684000 18.684001 1.962000 24.091938 
8.684000 18.684001 1.962000 24.091938 
8.684000 18.684001 1.962000 23.362957 
8.684000 18.684001 1.962000 23.362957 
8.684000 18.684001 1.962000 22.642670 
8.684000 18.684001 1.962000 22.642670 
8.684000 18.684001 1.962000 25.258469 
8.684000 18.684001 1.962000 25.258469 
8.684000 18.684001 1.962000 24.869528 
8.684000 18.684001 1.962000 24.869528 
8.684000 18.684001 1.962000 22.827269 
8.684000 18.684001 1.962000 22.827269 
8.684000 18.684001 1.962000 22.827269 
8.684000 18.684001 1.962000 64.567690 
8.684000 18.684001 1.962000 64.567690 
8.684000 27.774000 1.962000 92.585985 
8.684000 25.047001 1.962000 70.078791 
8.684000 25.047001 1.962000 70.078791 
8.684000 23.138101 1.962000 56.033754 
8.684000 23.138101 1.962000 56.033754 
8.684000 21.801870 1.962000 45.332228 
8.684000 21.801870 1.962000 45.332228 
8.684000 20.866509 1.962000 38.891161 
8.684000 20.866509 1.962000 38.891161 
8.684000 20.211757 1.962000 33.692413 
8.684000 20.211757 1.962000 33.692413 
8.684000 19.753429 1.962000 29.783289 
8.684000 19.753429 1.962000 29.783289 
8.684000 19.432601 1.962000 26.656902 
8.684000 19.432601 1.962000 26.656902 
8.684000 19.208021 1.962000 27.618431 
8.684000 19.208021 1.962000 27.618431 
8.684000 19.050815 1.962000 26.521502 
8.684000 19.050815 1.962000 26.521502 
8.684000 18.940770 1.962000 26.653650 
8.684000 18.940770 1.962000 26.653650 
8.684000 18.863739 1.962000 25.006155 
8.684000 18.863739 1.962000 25.006155 
8.684000 18.809817 1.962000 24.722908 
8.684000 18.809817 1.962000 24.722908 
8.684000 18.772072 1.962000 22.754637 
8.684000 18.772072 1.962000 22.754637 
8.684000 18.745650 1.962000 24.166845 
8.684000 18.745650 1.962000 24.166845 
8.684000 18.727156 1.962000 22.845392 
8.684000 18.727156 1.962000 22.845392 
8.684000 18.714209 1.962000 24.260374 
8.684000 18.714209 1.962000 24.260374 
8.684000 18.705146 1.962000 23.150862 
8.684000 18.705146 1.962000 23.150862 
8.684000 18.698802 1.962000 23.184202 
8.684000 18.698802 1.962000 23.184202 
8.684000 18.694362 1.962000 26.297541 
8.684000 18.694362 1.962000 26.297541 
8.684000 18.691254 1.962000 25.026878 
8.684000 18.691254 1.962000 25.026878 
8.684000 18.689077 1.962000 25.187414 
8.684000 18.689077 1.962000 25.187414 
8.684000 18.687554 1.962000 24.879789 
8.684000 18.687554 1.962000 24.879789 
8.684000 18.687554 1.962000 24.879789 
8.684000 18.687554 1.962000 24.879789 
8.684000 18.685741 1.962000 25.458716 
8.684000 18.685741 1.962000 25.458716 
8.684000 18.685219 1.962000 24.559700 
8.684000 18.685219 1.962000 24.559700 
8.684000 18.684854 1.962000 23.990391 
8.684000 18.684854 1.962000 23.990391 
8.684000 18.684597 1.962000 22.391874 
8.684000 18.684597 1.962000 22.391874 
8.684000 18.684418 1.962000 25.082913 
8.684000 18.684418 1.962000 25.082913 
8.684000 18.684293 1.962000 23.606638 
8.684000 18.684293 1.962000 23.606638 
8.684000 18.684205 1.962000 22.513247 
8.684000 18.684205 1.962000 22.513247 
8.684000 18.684143 1.962000 24.387873 
8.684000 18.684143 1.962000 24.387873 
8.684000 18.684100 1.962000 25.340111 
8.684000 18.684100 1.962000 25.340111 
8.684000 18.684071 1.962000 24.656677 
8.684000 18.684071 1.962000 24.656677 
8.684000 18.684050 1.962000 23.698275 
8.684000 18.684050 1.962000 23.698275 
8.684000 18.684034 1.962000 23.237393 
8.684000 18.684034 1.962000 23.237393 
8.684000 18.684024 1.962000 25.314776 
8.684000 18.684024 1.962000 25.314776 
8.684000 18.684017 1.962000 25.028942 
8.684000 18.684017 1.962000 25.028942 
8.684000 18.684012 1.962000 24.978859 
8.684000 18.684012 1.962000 24.978859 
8.684000 18.684009 1.962000 25.723801 
8.684000 18.684009 1.962000 25.723801 
8.684000 18.834006 1.962000 26.785261 
8.684000 18.834006 1.962000 26.785261 
8.684000 18.789004 1.962000 24.798283 
8.684000 18.789004 1.962000 24.798283 
8.684000 18.757503 1.962000 24.907398 
8.684000 18.757503 1.962000 24.907398 
8.684000 18.735453 1.962000 24.623779 
8.684000 18.735453 1.962000 24.623779 
8.684000 18.720016 1.962000 27.095245 
8.684000 18.720016 1.962000 27.095245 
8.684000 18.709211 1.962000 25.735272 
8.684000 18.709211 1.962000 25.735272 
8.684000 18.701648 1.962000 24.003290 
8.684000 18.701648 1.962000 24.003290 
8.684000 18.696354 1.962000 23.690903 
8.684000 18.696354 1.962000 23.690903 
8.684000 18.692648 1.962000 24.882233 
8.684000 18.692648 1.962000 24.882233 
8.684000 18.690054 1.962000 25.026163 
8.684000 18.690054 1.962000 25.026163 
8.684000 18.688238 1.962000 25.036915 
8.684000 18.688238 1.962000 25.036915 
8.684000 18.686967 1.962000 39.924440 
8.684000 18.686967 1.962000 39.924440 
8.684000 18.836077 1.962000 36.335707 
8.684000 18.836077 1.962000 36.335707 
8.684000 18.790454 1.962000 32.293594 
8.684000 18.790454 1.962000 32.293594 
8.684000 18.758518 1.962000 35.704115 
8.684000 18.758518 1.962000 35.704115 
8.684000 18.736163 1.962000 34.521479 
8.684000 18.736163 1.962000 34.521479 
8.684000 18.720514 1.962000 32.343636 
8.684000 18.720514 1.962000 32.343636 
8.684000 18.709560 1.962000 30.069145 
8.684000 18.709560 1.962000 30.069145 
8.684000 18.701892 1.962000 27.877001 
8.684000 18.701892 1.962000 27.877001 
8.684000 18.696525 1.962000 35.792502 
8.684000 18.696525 1.962000 35.792502 
8.684000 18.696525 1.962000 35.792502 
8.684000 18.692767 1.962000 73.643351 
8.684000 18.690137 1.962000 58.798945 
8.684000 18.690137 1.962000 58.798945 
8.684000 18.688295 1.962000 50.777861 
8.684000 18.688295 1.962000 50.777861 
8.684000 18.687007 1.962000 41.863104 
8.684000 18.687007 1.962000 41.863104 
8.684000 18.686105 1.962000 36.582773 
8.684000 18.686105 1.962000 36.582773 
8.684000 18.685473 1.962000 35.886541 
8.684000 18.685473 1.962000 35.886541 
8.684000 18.685473 1.962000 35.886541 
8.684000 18.685473 1.962000 35.886541 
8.684000 18.684722 1.962000 28.044026 
8.684000 18.684722 1.962000 28.044026 
8.684000 18.684505 1.962000 26.069418 
8.684000 18.684505 1.962000 26.069418 
8.684000 18.684354 1.962000 26.667193 
8.684000 18.684354 1.962000 26.667193 
8.684000 18.684248 1.962000 25.285635 
8.684000 18.684248 1.962000 25.285635 
8.684000 18.684174 1.962000 24.258545 
8.684000 18.684174 1.962000 24.258545 
8.684000 18.684121 1.962000 25.999582 
8.684000 18.684121 1.962000 25.999582 
8.684000 18.684085 1.962000 24.248308 
8.684000 18.684085 1.962000 24.248308 
8.684000 18.684059 1.962000 25.542416 
8.684000 18.684059 1.962000 25.542416 
8.684000 18.684041 1.962000 23.838291 
8.684000 18.684041 1.962000 23.838291 
8.684000 18.684041 1.962000 23.838291 
8.684000 18.684041 1.962000 23.838291 
8.684000 18.684020 1.962000 25.971382 
8.684000 18.684020 1.962000 25.971382 
8.684000 18.684014 1.962000 25.818567 
8.684000 18.684014 1.962000 25.818567 
8.684000 18.684010 1.962000 25.801598 
8.684000 18.684010 1.962000 25.801598 
8.684000 18.684007 1.962000 27.949719 
8.684000 18.684007 1.962000 27.949719 
8.684000 18.684005 1.962000 25.733402 
8.684000 18.684005 1.962000 25.733402 
8.684000 18.684004 1.962000 27.961981 
8.684000 18.684004 1.962000 27.961981 
8.684000 18.684003 1.962000 30.091986 
8.684000 18.684003 1.962000 30.091986 
8.684000 18.684002 1.962000 27.682989 
8.684000 18.684002 1.962000 27.682989 
8.684000 18.684001 1.962000 28.066692 
8.684000 18.684001 1.962000 28.066692 
8.684000 18.684001 1.962000 27.555285 
8.684000 18.684001 1.962000 27.555285 
8.684000 18.684001 1.962000 28.277300 
8.684000 18.684001 1.962000 28.277300 
8.684000 18.684001 1.962000 26.262711 
8.684000 18.684001 1.962000 26.262711 
8.684000 18.684001 1.962000 25.932497 
8.684000 18.684001 1.962000 25.932497 
8.684000 18.684001 1.962000 24.261347 
8.684000 18.684001 1.962000 24.261347 
8.684000 18.684001 1.962000 26.931543 
8.684000 18.684001 1.962000 26.931543 
8.684000 18.684001 1.962000 26.310680 
8.684000 18.684001 1.962000 26.310680 
8.684000 18.684001 1.962000 25.246077 
8.684000 18.684001 1.962000 25.246077 
8.684000 18.684001 1.962000 23.480854 
8.684000 18.684001 1.962000 23.480854 
8.684000 18.684001 1.962000 28.995199 
8.684000 18.684001 1.962000 28.995199 
8.684000 18.684001 1.962000 27.035240 
8.684000 18.684001 1.962000 27.035240 
8.684000 18.684001 1.962000 27.253267 
8.684000 18.684001 1.962000 27.253267 
8.684000 18.684001 1.962000 27.525887 
8.684000 18.684001 1.962000 27.525887 
8.684000 18.684001 1.962000 26.186720 
8.684000 18.684001 1.962000 26.186720 
8.684000 18.684001 1.962000 25.729303 
8.684000 18.684001 1.962000 25.729303 
8.684000 18.684001 1.962000 25.199112 
8.684000 18.684001 1.962000 25.199112 
8.684000 18.684001 1.962000 28.787979 
8.684000 18.684001 1.962000 28.787979 
8.684000 18.684001 1.962000 28.787979 
8.684000 18.684001 1.962000 28.787979 
8.684000 18.684001 1.962000 29.077730 
8.684000 18.684001 1.962000 29.077730 
8.684000 18.684001 1.962000 28.953011 
8.684000 18.684001 1.962000 28.953011 
8.684000 19.704000 1.962000 30.095707 
8.684000 19.704000 1.962000 30.095707 
8.684000 19.398001 1.962000 27.565596 
8.684000 19.398001 1.962000 27.565596 
8.684000 19.183801 1.962000 26.424517 
8.684000 19.183801 1.962000 26.424517 
8.684000 19.033860 1.962000 25.505762 
8.684000 19.033860 1.962000 25.505762 
8.684000 18.928902 1.962000 28.582634 
8.684000 18.928902 1.962000 28.582634 
8.684000 18.855432 1.962000 26.266443 
8.684000 18.855432 1.962000 26.266443 
8.684000 18.804002 1.962000 27.675110 
8.684000 18.804002 1.962000 27.675110 
8.684000 18.768002 1.962000 31.391176 
8.684000 18.768002 1.962000 31.391176 
8.684000 18.742801 1.962000 33.272423 
8.684000 18.742801 1.962000 33.272423 
8.684000 18.725161 1.962000 31.769295 
8.684000 18.725161 1.962000 31.769295 
8.684000 18.712812 1.962000 29.607107 
8.684000 18.712812 1.962000 29.607107 
8.684000 18.704168 1.962000 29.593575 
8.684000 18.704168 1.962000 29.593575 
8.684000 18.698118 1.962000 27.994103 
8.684000 18.698118 1.962000 27.994103 
8.684000 18.693883 1.962000 27.744473 
8.684000 18.693883 1.962000 27.744473 
8.684000 21.600918 1.962000 27.629730 
8.684000 21.600918 1.962000 27.629730 
8.684000 20.725842 1.962000 27.009411 
8.684000 20.725842 1.962000 27.009411 
8.684000 20.113290 1.962000 25.765188 
8.684000 20.113290 1.962000 25.765188 
8.684000 19.684503 1.962000 26.664232 
8.684000 19.684503 1.962000 26.664232 
8.684000 19.384352 1.962000 26.213562 
8.684000 19.384352 1.962000 26.213562 
8.684000 19.174246 1.962000 25.118094 
8.684000 19.174246 1.962000 25.118094 
8.684000 19.027172 1.962000 25.431265 
8.684000 19.027172 1.962000 25.431265 
8.684000 18.924220 1.962000 27.780485 
8.684000 18.924220 1.962000 27.780485 
8.684000 18.852154 1.962000 26.664940 
8.684000 18.852154 1.962000 26.664940 
8.684000 18.801707 1.962000 26.274057 
8.684000 18.801707 1.962000 26.274057 
8.684000 18.766396 1.962000 27.080441 
8.684000 18.766396 1.962000 27.080441 
8.684000 18.741677 1.962000 26.384909 
8.684000 18.741677 1.962000 26.384909 
8.684000 18.741677 1.962000 26.384909 
8.684000 18.741677 1.962000 26.384909 
8.684000 18.712261 1.962000 24.342226 
8.684000 18.712261 1.962000 24.342226 
8.684000 18.703783 1.962000 24.258158 
8.684000 18.703783 1.962000 24.258158 
8.684000 18.697848 1.962000 27.649309 
8.684000 18.697848 1.962000 27.649309 
8.684000 18.693694 1.962000 26.183117 
8.684000 18.693694 1.962000 26.183117 
8.684000 18.690786 1.962000 24.436781 
8.684000 18.690786 1.962000 24.436781 
8.684000 18.688750 1.962000 23.904347 
8.684000 18.688750 1.962000 23.904347 
8.684000 18.687325 1.962000 22.871643 
8.684000 18.687325 1.962000 22.871643 
8.684000 18.686328 1.962000 22.508751 
8.684000 18.686328 1.962000 22.508751 
8.684000 18.685630 1.962000 22.674727 
8.684000 18.685630 1.962000 22.674727 
8.684000 18.685141 1.962000 22.160908 
8.684000 18.685141 1.962000 22.160908 
8.684000 18.684798 1.962000 26.481236 
8.684000 18.684798 1.962000 26.481236 
8.684000 18.684559 1.962000 26.445465 
8.684000 18.684559 1.962000 26.445465 
8.684000 18.684391 1.962000 24.950426 
8.684000 18.684391 1.962000 24.950426 
8.684000 18.684274 1.962000 24.353899 
8.684000 18.684274 1.962000 24.353899 
8.684000 18.684192 1.962000 25.076328 
8.684000 18.684192 1.962000 25.076328 
8.684000 18.684134 1.962000 24.022030 
8.684000 18.684134 1.962000 24.022030 
8.684000 18.684094 1.962000 23.614021 
8.684000 18.684094 1.962000 23.614021 
8.684000 18.684066 1.962000 24.588415 
8.684000 18.684066 1.962000 24.588415 
8.684000 18.684046 1.962000 23.920490 
8.684000 18.684046 1.962000 23.920490 
8.684000 18.684032 1.962000 22.882944 
8.684000 18.684032 1.962000 22.882944 
8.684000 18.684023 1.962000 25.036661 
8.684000 18.684023 1.962000 25.036661 
8.684000 18.684016 1.962000 24.654263 
8.684000 18.684016 1.962000 24.654263 
8.684000 18.684011 1.962000 23.096584 
8.684000 18.684011 1.962000 23.096584 
8.684000 18.684008 1.962000 22.426209 
8.684000 18.684008 1.962000 22.426209 
8.684000 18.684006 1.962000 24.176947 
8.684000 18.684006 1.962000 24.176947 
8.684000 18.684004 1.962000 26.602463 
8.684000 18.684004 1.962000 26.602463 
8.684000 18.684003 1.962000 26.500324 
8.684000 18.684003 1.962000 26.500324 
8.684000 18.684002 1.962000 26.698828 
8.684000 18.684002 1.962000 26.698828 
8.684000 18.684001 1.962000 28.907780 
8.684000 18.684001 1.962000 28.907780 
8.684000 18.684001 1.962000 26.134047 
8.684000 18.684001 1.962000 26.134047 
8.684000 18.684001 1.962000 24.732433 
8.684000 18.684001 1.962000 24.732433 
8.684000 18.684001 1.962000 23.991303 
8.684000 18.684001 1.962000 23.991303 
8.684000 18.684001 1.962000 27.372511 
8.684000 18.684001 1.962000 27.372511 
8.684000 18.684001 1.962000 25.269358 
8.684000 18.684001 1.962000 25.269358 
8.684000 18.684001 1.962000 24.367149 
8.684000 18.684001 1.962000 24.367149 
8.684000 18.684001 1.962000 30.965605 
8.684000 18.684001 1.962000 30.965605 
8.684000 18.684001 1.962000 28.594523 
8.684000 18.684001 1.962000 28.594523 
8.684000 18.684001 1.962000 29.754767 
8.684000 18.684001 1.962000 29.754767 
8.684000 18.684001 1.962000 28.136936 
8.684000 18.684001 1.962000 28.136936 
8.684000 18.684001 1.962000 27.904455 
8.684000 18.684001 1.962000 27.904455 
8.684000 18.684001 1.962000 27.904455 
8.684000 18.684001 1.962000 26.901718 
8.684000 18.684001 1.962000 26.901718 
8.684000 18.684001 1.962000 25.779802 
8.684000 18.684001 1.962000 25.779802 
8.684000 18.684001 1.962000 24.364462 
8.684000 18.684001 1.962000 24.364462 
8.684000 18.684001 1.962000 25.773724 
8.684000 18.684001 1.962000 25.773724 
8.684000 18.684001 1.962000 25.773724 
8.684000 18.684001 1.962000 25.773724 
8.684000 18.684001 1.962000 25.773724 
8.684000 18.684001 1.962000 25.773724 
8.684000 18.684001 1.962000 25.773724 
8.684000 18.684001 1.962000 25.773724 
