18.801000 8.082630 19.373000 16.399080 
14.345000 27.036841 15.352000 41.361356 
8.159000 27.036841 22.586000 41.361356 
13.810000 25.623489 23.881000 42.879550 
9.882000 25.623489 17.113000 42.879550 
18.686000 28.028342 22.655000 40.627486 
8.416000 28.028342 22.189000 40.627486 
8.987000 20.005639 22.495000 42.044240 
10.287000 20.005639 14.096000 42.044240 
8.207000 17.884748 23.555000 41.362469 
18.895000 17.884748 24.548000 41.362469 
8.788000 27.868424 22.548000 40.599128 
8.205000 27.868424 22.639000 40.599128 
17.713000 18.655096 16.599000 38.934790 
8.778000 18.655096 22.407000 38.934790 
20.054000 28.135467 17.619000 40.466052 
17.974000 28.135467 22.894000 40.466052 
21.709000 18.144627 21.358000 39.115437 
9.180000 18.144627 21.995000 39.115437 
10.120000 20.065839 22.920000 35.877206 
9.088000 20.065839 22.147000 35.877206 
9.080000 28.183088 22.046000 42.516144 
19.075000 28.183088 21.667000 42.516144 
19.306000 29.927461 22.988000 33.928102 
18.516000 29.927461 22.555000 33.928102 
16.555000 29.242423 22.143000 56.003371 
19.366000 29.242423 21.889000 56.003371 
8.676000 28.621996 22.717000 38.048661 
9.087000 28.621996 22.298000 38.048661 
18.340000 29.095297 22.978000 44.731562 
8.471000 29.095297 22.615000 44.731562 
8.452000 23.539708 23.204000 43.450994 
17.596000 23.539708 21.196000 43.450994 
7.898000 18.268095 30.292000 45.140895 
16.485000 18.268095 16.713000 45.140895 
18.789000 19.392067 22.605000 43.281027 
9.167000 19.392067 21.974000 43.281027 
15.539000 18.446347 23.127000 41.240220 
23.158000 18.446347 22.731000 41.240220 
8.224000 28.420943 22.383000 40.307254 
8.539000 28.420943 22.224000 40.307254 
10.015000 18.889860 19.152000 41.178878 
8.689000 18.889860 22.124000 41.178878 
10.634000 20.696201 22.390000 49.566715 
19.020000 20.696201 22.117000 49.566715 
13.528000 25.736541 14.157000 33.473999 
19.081000 25.736541 22.176000 33.473999 
9.398000 18.230478 22.189000 45.477900 
28.216000 18.230478 17.517000 45.477900 
18.742000 17.948335 22.859000 43.012331 
13.545000 17.948335 15.881000 43.012331 
9.201000 18.597934 22.390000 40.987331 
19.229000 18.597934 22.771000 40.987331 
19.162000 29.277454 20.970000 42.280131 
9.161000 29.277454 21.808000 42.280131 
17.888000 23.980817 16.285000 34.637892 
13.763000 23.980817 22.127000 34.637892 
9.686000 19.742572 19.537000 49.344024 
8.797000 19.742572 17.238000 49.344024 
8.529000 32.744600 23.204000 36.874917 
13.444000 32.744600 23.214000 36.874917 
18.466000 27.964720 22.568000 39.928243 
18.981000 27.964720 22.306000 39.928243 
14.467000 29.009404 23.604000 54.233271 
7.967000 29.009404 22.619000 54.233271 
20.009000 18.567583 20.730000 40.417290 
8.626000 18.567583 22.219000 40.417290 
11.298000 21.307508 21.454000 39.794502 
8.379000 21.307508 22.486000 39.794502 
14.479000 18.562656 22.061000 42.747253 
18.032000 18.562656 20.846000 42.747253 
11.640000 47.743659 17.117000 41.118377 
17.082000 47.743659 20.805000 41.118377 
14.059000 48.268261 17.080000 36.369265 
18.556000 48.268261 19.960000 36.369265 
18.010000 38.612783 17.397000 45.952086 
21.412000 38.612783 22.649000 45.952086 
16.842000 33.261948 14.073000 33.091560 
14.279000 33.261948 21.409000 33.091560 
18.959000 34.297263 22.771000 45.095991 
16.057000 34.297263 23.058000 45.095991 
8.587000 22.192885 23.583000 42.249493 
8.237000 22.192885 21.603000 42.249493 
13.453000 32.885119 17.495000 42.572245 
18.346000 32.885119 22.493000 42.572245 
18.762000 26.747884 18.728000 43.315372 
8.567000 26.747884 33.423000 43.315372 
19.208000 20.292119 18.968000 41.946661 
8.733000 20.292119 22.716000 41.946661 
18.700000 25.389083 16.123000 40.637762 
9.012000 25.389083 26.155000 40.637762 
9.188000 20.074958 22.122000 50.704635 
19.384000 20.074958 22.072000 50.704635 
19.315000 23.099871 22.837000 42.974344 
14.595000 23.099871 22.890000 42.974344 
9.314000 29.040609 22.212000 31.560140 
9.015000 29.040609 22.435000 31.560140 
13.133000 26.915227 22.037000 42.370298 
12.704000 26.915227 29.137000 42.370298 
29.891000 40.103959 19.804000 40.105708 
6.419000 40.103959 24.017000 40.105708 
19.133000 25.305071 20.961000 39.887996 
16.256000 25.305071 20.115000 39.887996 
15.974000 26.183350 24.289000 43.656897 
17.701000 26.183350 24.280000 43.656897 
17.740000 18.896544 22.435000 43.838229 
18.784000 18.896544 23.060000 43.838229 
8.623000 18.725581 18.799000 40.625260 
8.398000 18.725581 22.044000 40.625260 
17.439000 27.510807 22.379000 43.957582 
13.926000 27.510807 17.120000 43.957582 
11.873000 18.989264 22.445000 42.695607 
0.830000 18.989264 23.550000 42.695607 
0.930000 18.989264 6.737000 42.695607 
