10.239 25.384 26.421 59.7671
11.752 25.3535 32.779 60.6213
13.035 26.6365 35.012 62.8543
8.059 20.5801 28.499 52.4286
10.203 22.7241 25.259 49.1886
8.197 19.9617 30.547 52.8777
10.033 21.7977 55.062 77.3927
6.547 17.7823 12.61 36.4615
8.402 19.6373 24.781 48.6325
9.7 20.5647 32.089 54.995
8.909 19.7737 30.374 53.28
10.229 20.8343 32.033 52.2072
14.479 25.0843 33.465 53.6392
8.725 19.1487 50.681 69.723
9.445 19.8687 20.949 39.991
7.18 17.8666 35.456 153.485
11.691 22.3776 32.618 150.647
12.605 23.0856 34.284 124.015
8.175 18.6556 40.849 130.58
10.334 20.6704 32.887 100.258
7.017 17.3534 34.302 101.673
9.121 19.3565 31.473 84.603
11.372 21.6075 40.258 93.388
