6.212 31.212 43.696 93.696
10.013 30.513 25.922 67.642
10.853 31.353 27.293 69.013
13.219 30.569 35.57 72.394
9.892 27.242 26.634 63.458
11.049 26.194 32.521 63.1878
12.399 27.544 33.712 64.3788
8.03 21.6315 30.366 57.8328
10.504 24.1055 32.753 60.2198
13.64 26.1611 34.555 58.7617
15.327 27.848 36.586 60.7927
10.648 22.4127 32.206 58.4207
11.901 23.6657 34.041 60.2557
7.875 19.1103 30.532 56.2923
25.898 37.1333 49.011 74.7713
11.35 22.2147 34.135 59.2472
8.026 18.8907 29.735 54.8472
9.714 20.3193 32.346 56.4345
11.692 22.2973 34.031 58.1195
7.739 18.1627 30.032 52.894
21.061 31.4847 52.821 75.683
12.147 22.4436 34.326 56.8694
14.188 24.4846 36.424 58.9674
11.798 22.0056 32.69 53.9004
11.797 22.0046 33.808 55.0184
14.095 24.2403 35.543 55.0703
10.599 20.7443 32.857 52.3843
12.093 22.1947 34.64 57.0691
7.525 17.6267 30.102 52.5311
9.632 19.7032 35.041 56.0814
12.364 22.4352 33.82 54.8604
9.321 20.0308 32.389 61.3972
12.993 23.7029 33.326 62.3343
7.818 315.315 41.312 65.9378
10.347 317.844 32.046 56.6718
15.164 233.412 34.435 56.473
