10.395 23.9965 29.156 62.5984
8.632 21.153 31.031 61.7607
11.79 24.3111 32.586 63.3157
7.73 19.4947 30.213 56.9438
10.589 22.3537 31.44 58.1708
16.395 27.6303 39.122 66.4735
10.108 21.3433 23.418 50.7695
10.216 21.0807 31.428 55.7041
11.372 22.2367 34.216 58.4921
7.736 19.5713 29.543 51.6363
9.281 21.1163 31.844 53.9373
11.859 23.1437 33.432 55.7373
8.033 19.3177 30.755 53.0603
10.095 20.9943 31.673 53.9167
11.428 22.3273 35.154 57.3977
8.466 19.0955 31.02 55.1706
9.863 20.4925 32.611 56.7616
12.233 22.6737 34.779 57.3244
8.688 19.1287 31.338 53.8834
7.166 17.4745 23.882 47.5538
10.13 20.4385 31.771 55.4428
10.565 20.7809 33.28 60.9502
7.822 18.0379 32.035 59.7053
9.084 19.2351 34.339 62.0182
11.616 21.7671 34.143 61.8222
8.775 18.8808 30.335 56.0104
10.226 20.3318 32.622 58.2974
12.415 23.6891 35.601 59.1838
9.3 20.5741 31.388 54.9708
