2.119000 10.426510 3.175000 26.049414 
1.095000 10.426510 2.357000 26.049414 
1.823000 10.813457 5.149000 23.260490 
0.820000 10.813457 1.620000 23.260490 
1.860000 10.959520 10.116000 29.406444 
0.741000 10.959520 1.735000 29.406444 
0.616000 10.413464 2.113000 38.561210 
1.058000 10.413464 3.486000 38.561210 
0.647000 12.041525 9.035000 26.682448 
2.103000 12.041525 2.955000 26.682448 
0.590000 12.108267 4.555000 25.883314 
1.982000 12.108267 3.886000 25.883314 
2.034000 11.813587 4.041000 27.868819 
0.957000 11.813587 2.097000 27.868819 
1.816000 11.108111 11.579000 34.665673 
1.352000 11.108111 3.285000 34.665673 
0.720000 10.697178 8.757000 27.445570 
2.262000 10.697178 2.881000 27.445570 
0.660000 11.158524 2.045000 31.754299 
1.077000 11.158524 2.395000 31.754299 
0.887000 12.187767 2.431000 25.805610 
1.915000 12.187767 2.574000 25.805610 
0.768000 10.807737 6.177000 23.567426 
0.810000 10.807737 2.053000 23.567426 
0.691000 11.884716 1.506000 26.904497 
0.609000 11.884716 2.055000 26.904497 
2.528000 10.798602 3.601000 24.976847 
1.934000 10.798602 2.068000 24.976847 
1.879000 29.300020 2.226000 26.446492 
0.826000 29.300020 3.371000 26.446492 
1.248000 24.124414 3.723000 34.305245 
1.706000 24.124414 2.076000 34.305245 
0.865000 25.025490 2.062000 28.699371 
2.540000 25.025490 1.635000 28.699371 
0.776000 18.172644 6.565000 24.171360 
1.153000 18.172644 3.359000 24.171360 
0.618000 15.066351 12.819000 21.961653 
0.980000 15.066351 3.688000 21.961653 
1.949000 13.775846 2.105000 27.929057 
0.799000 13.775846 3.434000 27.929057 
0.631000 13.010392 2.073000 24.240439 
2.265000 13.010392 3.171000 24.240439 
0.704000 13.693075 1.550000 22.573407 
0.788000 13.693075 1.549000 22.573407 
0.810000 12.717952 17.388000 24.705886 
2.027000 12.717952 3.053000 24.705886 
0.656000 11.966967 1.494000 22.347019 
0.762000 11.966967 5.764000 22.347019 
2.129000 14.122077 1.830000 25.064514 
0.659000 14.122077 3.570000 25.064514 
0.939000 18.775854 2.540000 26.135760 
0.921000 18.775854 2.734000 26.135760 
1.057000 11.477698 4.604000 22.743632 
0.681000 11.477698 2.137000 22.743632 
0.782000 10.799188 2.510000 26.567143 
2.668000 10.799188 3.084000 26.567143 
1.139000 11.262232 2.032000 26.350300 
2.303000 11.262232 1.528000 26.350300 
1.914000 10.764763 2.292000 32.547410 
0.829000 10.764763 1.567000 32.547410 
0.621000 10.739834 2.092000 24.405986 
1.867000 10.739834 2.111000 24.405986 
1.173000 12.052983 2.776000 25.358490 
0.903000 12.052983 2.031000 25.358490 
0.656000 11.516788 1.640000 23.794043 
1.523000 11.516788 3.156000 23.794043 
0.672000 10.888552 2.081000 24.046430 
1.569000 10.888552 2.042000 24.046430 
1.781000 10.888552 5.503000 24.046430 
1.456000 10.888552 2.034000 24.046430 
1.643000 10.663560 2.636000 21.821430 
0.808000 10.663560 2.409000 21.821430 
0.714000 10.636392 3.109000 21.186701 
0.941000 10.636392 2.172000 21.186701 
0.917000 12.580175 2.112000 22.177690 
0.941000 12.580175 4.546000 22.177690 
2.269000 11.531622 2.169000 20.804382 
0.801000 11.531622 2.020000 20.804382 
0.776000 10.796435 2.099000 20.833868 
2.233000 10.796435 3.388000 20.833868 
0.669000 10.820805 2.917000 29.865607 
0.665000 10.820805 3.368000 29.865607 
0.728000 11.410663 5.054000 24.511225 
1.872000 11.410663 1.993000 24.511225 
1.290000 11.055164 1.616000 23.488457 
1.700000 11.055164 2.989000 23.488457 
0.634000 10.732315 2.098000 21.666020 
0.981000 10.732315 2.760000 21.666020 
0.973000 11.848721 2.404000 24.092613 
0.634000 11.848721 1.915000 24.092613 
2.074000 11.957404 3.087000 23.021429 
1.524000 11.957404 2.206000 23.021429 
0.607000 10.591683 2.056000 26.395699 
0.853000 10.591683 2.642000 26.395699 
1.724000 12.136079 2.791000 29.529990 
0.690000 12.136079 2.988000 29.529990 
1.101000 10.543255 3.285000 27.994492 
0.760000 10.543255 4.465000 27.994492 
1.310000 10.596978 2.854000 26.084046 
0.643000 10.596978 2.084000 26.084046 
1.330000 11.000085 2.203000 26.098831 
0.774000 11.000085 1.693000 26.098831 
1.182000 10.960459 3.076000 25.133282 
0.965000 10.960459 2.719000 25.133282 
0.686000 10.633021 2.587000 24.544497 
0.644000 10.633021 3.087000 24.544497 
0.669000 12.454715 3.073000 24.928647 
0.660000 12.454715 2.890000 24.928647 
1.126000 12.355501 2.768000 22.416652 
0.564000 12.355501 1.512000 22.416652 
1.453000 10.585351 2.506000 26.515557 
0.786000 10.585351 14.297000 26.515557 
1.378000 16.745246 2.578000 24.413190 
2.293000 16.745246 2.295000 24.413190 
1.544000 10.816173 3.052000 26.806932 
2.226000 10.816173 2.316000 26.806932 
0.691000 11.934121 1.501000 25.793253 
0.836000 11.934121 2.707000 25.793253 
0.559000 10.777085 3.057000 24.238078 
0.648000 10.777085 2.041000 24.238078 
0.795000 11.227059 1.595000 27.732553 
1.811000 11.227059 3.050000 27.732553 
0.563000 11.428042 2.033000 24.334888 
2.408000 11.428042 2.554000 24.334888 
0.784000 12.372729 2.767000 24.719421 
0.778000 12.372729 2.057000 24.719421 
0.663000 39.871110 2.631000 22.373296 
2.075000 39.871110 2.425000 22.373296 
0.680000 10.762278 2.058000 25.287407 
1.803000 10.762278 2.927000 25.287407 
0.696000 11.606894 2.639000 22.285985 
0.675000 11.606894 2.095000 22.285985 
2.275000 11.828126 2.447000 19.430790 
1.119000 11.828126 1.525000 19.430790 
0.830000 10.594888 3.066000 20.676353 
0.789000 10.594888 3.165000 20.676353 
0.528000 11.596322 3.098000 22.955146 
0.875000 11.596322 1.602000 22.955146 
0.706000 10.900425 1.520000 22.131902 
0.813000 10.900425 2.532000 22.131902 
0.601000 12.384797 1.546000 22.952931 
1.468000 12.384797 3.094000 22.952931 
0.577000 11.672458 15.085000 22.769551 
1.753000 11.672458 11.202000 22.769551 
2.249000 10.783721 2.749000 26.253486 
1.281000 10.783721 2.114000 26.253486 
2.110000 10.658104 3.983000 34.666140 
0.881000 10.658104 2.071000 34.666140 
0.722000 27.419672 3.606000 34.031498 
2.534000 27.419672 5.202000 34.031498 
2.551000 24.551570 2.360000 31.020748 
1.843000 24.551570 2.028000 31.020748 
0.702000 19.007900 1.976000 28.218125 
0.738000 19.007900 2.569000 28.218125 
1.884000 17.246630 3.269000 26.495187 
2.295000 17.246630 1.698000 26.495187 
0.985000 15.979241 2.070000 23.748831 
1.346000 15.979241 11.644000 23.748831 
0.729000 15.395769 1.472000 21.413381 
1.417000 15.395769 1.941000 21.413381 
0.610000 13.889838 1.413000 24.385667 
0.600000 13.889838 4.114000 24.385667 
1.605000 11.981686 3.069000 24.085267 
1.478000 11.981686 3.069000 24.085267 
1.478000 11.981686 3.069000 24.085267 
1.478000 11.981686 3.069000 24.085267 
1.478000 11.981686 3.069000 24.085267 
1.478000 11.981686 3.069000 24.085267 
1.478000 11.981686 3.069000 24.085267 
1.478000 11.981686 3.069000 24.085267 
1.478000 11.981686 3.069000 24.085267 
1.478000 11.981686 3.069000 24.085267 
1.478000 11.981686 3.069000 24.085267 
1.478000 11.981686 3.069000 24.085267 
1.478000 11.981686 3.069000 24.085267 
1.478000 11.981686 3.069000 24.085267 
1.478000 11.981686 3.069000 24.085267 
1.478000 11.981686 3.069000 24.085267 
1.478000 11.981686 3.069000 24.085267 
1.478000 11.981686 3.069000 24.085267 
1.478000 11.981686 3.069000 24.085267 
1.478000 11.981686 3.069000 24.085267 
1.478000 11.981686 3.069000 24.085267 
1.478000 11.981686 3.069000 24.085267 
1.478000 11.981686 3.069000 24.085267 
1.478000 11.981686 3.069000 24.085267 
1.478000 11.981686 3.069000 24.085267 
1.478000 11.981686 3.069000 24.085267 
1.478000 11.981686 3.069000 24.085267 
1.478000 11.981686 3.069000 24.085267 
1.478000 11.981686 3.069000 24.085267 
1.478000 11.981686 3.069000 24.085267 
1.478000 11.981686 3.069000 24.085267 
1.478000 11.981686 3.069000 24.085267 
1.478000 11.981686 3.069000 24.085267 
1.478000 11.981686 3.069000 24.085267 
1.478000 11.981686 3.069000 24.085267 
1.478000 11.981686 3.069000 24.085267 
1.478000 11.981686 3.069000 24.085267 
1.478000 11.981686 3.069000 24.085267 
1.478000 11.981686 3.069000 24.085267 
1.478000 11.981686 3.069000 24.085267 
1.478000 11.981686 3.069000 24.085267 
1.478000 11.981686 3.069000 24.085267 
1.478000 11.981686 3.069000 24.085267 
1.478000 11.981686 3.069000 24.085267 
1.478000 11.981686 3.069000 24.085267 
1.478000 11.981686 3.069000 24.085267 
1.478000 11.981686 3.069000 24.085267 
1.478000 11.981686 3.069000 24.085267 
1.478000 11.981686 3.069000 24.085267 
1.478000 11.981686 3.069000 24.085267 
1.478000 11.981686 3.069000 24.085267 
1.478000 11.981686 3.069000 24.085267 
1.478000 11.981686 3.069000 24.085267 
1.478000 11.981686 3.069000 24.085267 
1.478000 11.981686 3.069000 24.085267 
1.478000 11.981686 3.069000 24.085267 
1.478000 11.981686 3.069000 24.085267 
1.478000 11.981686 3.069000 24.085267 
1.478000 11.981686 3.069000 24.085267 
1.478000 11.981686 3.069000 24.085267 
1.478000 11.981686 3.069000 24.085267 
1.478000 11.981686 3.069000 24.085267 
1.478000 11.981686 3.069000 24.085267 
1.478000 11.981686 3.069000 24.085267 
1.478000 11.981686 3.069000 24.085267 
1.478000 11.981686 3.069000 24.085267 
1.478000 11.981686 3.069000 24.085267 
1.478000 11.981686 3.069000 24.085267 
1.478000 11.981686 3.069000 24.085267 
1.478000 11.981686 3.069000 24.085267 
1.478000 11.981686 3.069000 24.085267 
1.478000 11.981686 3.069000 24.085267 
1.478000 11.981686 3.069000 24.085267 
1.478000 11.981686 3.069000 24.085267 
1.478000 11.981686 3.069000 24.085267 
1.478000 11.981686 3.069000 24.085267 
1.478000 11.981686 3.069000 24.085267 
1.478000 11.981686 3.069000 24.085267 
1.478000 11.981686 3.069000 24.085267 
1.478000 11.981686 3.069000 24.085267 
1.478000 11.981686 3.069000 24.085267 
1.478000 11.981686 3.069000 24.085267 
1.478000 11.981686 3.069000 24.085267 
1.478000 11.981686 3.069000 24.085267 
1.478000 11.981686 3.069000 24.085267 
1.478000 11.981686 3.069000 24.085267 
1.478000 11.981686 3.069000 24.085267 
1.478000 11.981686 3.069000 24.085267 
1.478000 11.981686 3.069000 24.085267 
1.478000 11.981686 3.069000 24.085267 
1.478000 11.981686 3.069000 24.085267 
1.478000 11.981686 3.069000 24.085267 
1.478000 11.981686 3.069000 24.085267 
1.478000 11.981686 3.069000 24.085267 
1.478000 11.981686 3.069000 24.085267 
1.478000 11.981686 3.069000 24.085267 
1.478000 11.981686 3.069000 24.085267 
1.478000 11.981686 3.069000 24.085267 
1.478000 11.981686 3.069000 24.085267 
1.478000 11.981686 3.069000 24.085267 
1.478000 11.981686 3.069000 24.085267 
1.478000 11.981686 3.069000 24.085267 
1.478000 11.981686 3.069000 24.085267 
1.478000 11.981686 3.069000 24.085267 
1.478000 11.981686 3.069000 24.085267 
1.478000 11.981686 3.069000 24.085267 
1.478000 11.981686 3.069000 24.085267 
1.478000 11.981686 3.069000 24.085267 
1.478000 11.981686 3.069000 24.085267 
1.478000 11.981686 3.069000 24.085267 
1.478000 11.981686 3.069000 24.085267 
1.478000 11.981686 3.069000 24.085267 
1.478000 11.981686 3.069000 24.085267 
1.478000 11.981686 3.069000 24.085267 
1.478000 11.981686 3.069000 24.085267 
1.478000 11.981686 3.069000 24.085267 
1.478000 11.981686 3.069000 24.085267 
1.478000 11.981686 3.069000 24.085267 
1.478000 11.981686 3.069000 24.085267 
1.478000 11.981686 3.069000 24.085267 
1.478000 11.981686 3.069000 24.085267 
1.478000 11.981686 3.069000 24.085267 
1.478000 11.981686 3.069000 24.085267 
1.478000 11.981686 3.069000 24.085267 
1.478000 11.981686 3.069000 24.085267 
1.478000 11.981686 3.069000 24.085267 
1.478000 11.981686 3.069000 24.085267 
1.478000 11.981686 3.069000 24.085267 
1.478000 11.981686 3.069000 24.085267 
1.478000 11.981686 3.069000 24.085267 
1.478000 11.981686 3.069000 24.085267 
1.478000 11.981686 3.069000 24.085267 
1.478000 11.981686 3.069000 24.085267 
1.478000 11.981686 3.069000 24.085267 
1.478000 11.981686 3.069000 24.085267 
1.478000 11.981686 3.069000 24.085267 
1.478000 11.981686 3.069000 24.085267 
1.478000 11.981686 3.069000 24.085267 
1.478000 11.981686 3.069000 24.085267 
1.478000 11.981686 3.069000 24.085267 
1.478000 11.981686 3.069000 24.085267 
1.478000 11.981686 3.069000 24.085267 
1.478000 11.981686 3.069000 24.085267 
1.478000 11.981686 3.069000 24.085267 
1.478000 11.981686 3.069000 24.085267 
1.478000 11.981686 3.069000 24.085267 
1.478000 11.981686 3.069000 24.085267 
1.478000 11.981686 3.069000 24.085267 
1.478000 11.981686 3.069000 24.085267 
1.478000 11.981686 3.069000 24.085267 
1.478000 11.981686 3.069000 24.085267 
1.478000 11.981686 3.069000 24.085267 
1.478000 11.981686 3.069000 24.085267 
1.478000 11.981686 3.069000 24.085267 
1.478000 11.981686 3.069000 24.085267 
1.478000 11.981686 3.069000 24.085267 
1.478000 11.981686 3.069000 24.085267 
1.478000 11.981686 3.069000 24.085267 
1.478000 11.981686 3.069000 24.085267 
1.478000 11.981686 3.069000 24.085267 
1.478000 11.981686 3.069000 24.085267 
1.478000 11.981686 3.069000 24.085267 
1.478000 11.981686 3.069000 24.085267 
1.478000 11.981686 3.069000 24.085267 
1.478000 11.981686 3.069000 24.085267 
1.478000 11.981686 3.069000 24.085267 
1.478000 11.981686 3.069000 24.085267 
1.478000 11.981686 3.069000 24.085267 
1.478000 11.981686 3.069000 24.085267 
1.478000 11.981686 3.069000 24.085267 
1.478000 11.981686 3.069000 24.085267 
1.478000 11.981686 3.069000 24.085267 
1.478000 11.981686 3.069000 24.085267 
1.478000 11.981686 3.069000 24.085267 
1.478000 11.981686 3.069000 24.085267 
1.478000 11.981686 3.069000 24.085267 
1.478000 11.981686 3.069000 24.085267 
1.478000 11.981686 3.069000 24.085267 
1.478000 11.981686 3.069000 24.085267 
1.478000 11.981686 3.069000 24.085267 
1.478000 11.981686 3.069000 24.085267 
1.478000 11.981686 3.069000 24.085267 
1.478000 11.981686 3.069000 24.085267 
1.478000 11.981686 3.069000 24.085267 
1.478000 11.981686 3.069000 24.085267 
1.478000 11.981686 3.069000 24.085267 
1.478000 11.981686 3.069000 24.085267 
1.478000 11.981686 3.069000 24.085267 
1.478000 11.981686 3.069000 24.085267 
1.478000 11.981686 3.069000 24.085267 
1.478000 11.981686 3.069000 24.085267 
1.478000 11.981686 3.069000 24.085267 
1.478000 11.981686 3.069000 24.085267 
1.478000 11.981686 3.069000 24.085267 
1.478000 11.981686 3.069000 24.085267 
1.478000 11.981686 3.069000 24.085267 
1.478000 11.981686 3.069000 24.085267 
1.478000 11.981686 3.069000 24.085267 
1.478000 11.981686 3.069000 24.085267 
1.478000 11.981686 3.069000 24.085267 
1.478000 11.981686 3.069000 24.085267 
1.478000 11.981686 3.069000 24.085267 
1.478000 11.981686 3.069000 24.085267 
1.478000 11.981686 3.069000 24.085267 
1.478000 11.981686 3.069000 24.085267 
1.478000 11.981686 3.069000 24.085267 
1.478000 11.981686 3.069000 24.085267 
1.478000 11.981686 3.069000 24.085267 
1.478000 11.981686 3.069000 24.085267 
1.478000 11.981686 3.069000 24.085267 
1.478000 11.981686 3.069000 24.085267 
1.478000 11.981686 3.069000 24.085267 
1.478000 11.981686 3.069000 24.085267 
1.478000 11.981686 3.069000 24.085267 
1.478000 11.981686 3.069000 24.085267 
1.478000 11.981686 3.069000 24.085267 
1.478000 11.981686 3.069000 24.085267 
1.478000 11.981686 3.069000 24.085267 
1.478000 11.981686 3.069000 24.085267 
1.478000 11.981686 3.069000 24.085267 
1.478000 11.981686 3.069000 24.085267 
1.478000 11.981686 3.069000 24.085267 
1.478000 11.981686 3.069000 24.085267 
1.478000 11.981686 3.069000 24.085267 
1.478000 11.981686 3.069000 24.085267 
1.478000 11.981686 3.069000 24.085267 
1.478000 11.981686 3.069000 24.085267 
