0.666 15.811
0.666 15.811 39.214 67.9818
0.567 14.1685
0.567 14.1685 1.501 25.7485
7.905 21.5065
7.905 21.5065 28.362 52.6095
1.483 14.0041
1.483 14.0041 3.836 26.8992
1.355 13.8761
1.355 13.8761 4.266 27.3292
1.264 13.0287
1.264 13.0287 3.785 25.6893
1.295 13.0597
1.295 13.0597 3.715 25.6193
1.53 12.7653
1.53 12.7653 4.065 25.518
1.833 13.0683
1.833 13.0683 4.387 25.84
6.428 17.2927
6.428 17.2927 13.146 32.7231
1.201 12.0657
1.201 12.0657 3.711 23.2881
3.054 13.6593
3.054 13.6593 4.914 25.578
1.914 12.5193
1.914 12.5193 4.339 25.003
1.903 12.3267
1.903 12.3267 3.734 24.9788
1.798 12.2217
1.798 12.2217 4.03 25.2748
1.137 11.4336
1.137 11.4336 2.811 22.2423
1.687 11.9836
1.687 11.9836 4.038 23.4693
