0.056980 
0.048681 
0.052232 
0.040521 
0.039053 
0.040493 
0.037846 
0.330416 
0.558673 
0.437239 
0.316120 
0.194438 
0.077446 
0.047963 
0.041627 
0.037383 
0.045772 
0.056882 
0.040285 
0.044137 
0.045762 
0.037412 
0.042524 
0.051614 
0.052854 
0.040958 
0.046316 
0.040198 
0.047472 
0.046418 
0.035134 
0.038016 
0.047783 
0.045534 
0.045119 
0.043534 
0.047959 
0.054559 
0.039574 
0.040669 
0.054006 
0.053697 
0.054336 
0.051745 
0.037714 
0.042775 
0.056606 
0.042136 
0.052346 
0.052997 
0.040337 
0.042911 
0.060837 
0.066552 
0.043014 
0.046489 
0.041606 
0.035207 
0.043163 
0.040167 
0.040562 
0.053172 
0.043018 
0.058707 
0.053887 
0.039781 
0.038760 
0.042115 
0.040542 
0.043222 
0.040833 
0.047434 
0.043197 
0.046779 
0.042346 
0.039103 
