0.034863 
0.035744 
0.036490 
0.033976 
0.035205 
0.032463 
0.031426 
0.258376 
0.501008 
0.296779 
0.097209 
0.043139 
0.033831 
0.036489 
0.034972 
0.034639 
0.042921 
0.040970 
0.035608 
0.036544 
0.039412 
0.032804 
0.037673 
0.038975 
0.030812 
0.036526 
0.039864 
0.034730 
0.034688 
0.036298 
0.035435 
0.033160 
0.032556 
0.035979 
0.033777 
0.034525 
0.038724 
0.039727 
0.036104 
0.037065 
0.034946 
0.034374 
0.034116 
0.031229 
0.033315 
0.035800 
0.035389 
0.039836 
0.045253 
0.041944 
0.034054 
0.041989 
0.036489 
0.035388 
0.038759 
0.033024 
0.031681 
0.038798 
0.034899 
0.036499 
0.045742 
0.033589 
0.035030 
0.036396 
0.033149 
0.032679 
0.036968 
0.034169 
0.034209 
0.041803 
0.036574 
0.032982 
0.035277 
0.041290 
